0.999989688 -0.002538329 -0.003758631 0.000354636 0.002530663 0.999994636 -0.002042865 -0.000448750 0.003763797 0.002033333 0.999990880 0.040878993
0.999968946 -0.001363341 -0.007769620 -0.000212190 0.001335757 0.999992728 -0.003554225 -0.000842771 0.007774410 0.003543736 0.999963462 0.082543202
0.999927342 -0.001418209 -0.011971067 -0.000744838 0.001360051 0.999987245 -0.004864948 -0.001053637 0.011977814 0.004848314 0.999916434 0.125195116
0.999860108 0.000060962 -0.016730506 -0.002070951 -0.000159549 0.999982715 -0.005891400 -0.000971217 0.016729856 0.005893245 0.999842644 0.167434812
0.999771714 -0.001024349 -0.021337170 -0.003119639 0.000902394 0.999983191 -0.005724469 -0.001853686 0.021342674 0.005703907 0.999755919 0.213512585
0.999662161 0.000479300 -0.025983868 -0.004628683 -0.000659838 0.999975681 -0.006939938 -0.002356729 0.025979912 0.006954742 0.999638259 0.259773552
0.999525726 0.003318351 -0.030615805 -0.006677840 -0.003569293 0.999960423 -0.008145497 -0.002336277 0.030587567 0.008250913 0.999498069 0.305687129
0.999385178 0.003789635 -0.034857281 -0.008800033 -0.004007413 0.999972880 -0.006179937 -0.003108997 0.034832913 0.006315825 0.999373198 0.354273587
0.999229074 0.002894717 -0.039152939 -0.011077515 -0.003041320 0.999988556 -0.003685334 -0.003149209 0.039141823 0.003801570 0.999226451 0.403014779
0.999117434 0.002932795 -0.041901480 -0.013918684 -0.002979419 0.999994993 -0.001050308 -0.003895477 0.041898180 0.001174223 0.999121249 0.449867666
0.999014854 0.004488139 -0.044150453 -0.017124511 -0.004571816 0.999988019 -0.001794487 -0.004435766 0.044141863 0.001994567 0.999023378 0.499192268
0.998906136 0.003478967 -0.046631847 -0.019118924 -0.003565135 0.999992073 -0.001764777 -0.004939375 0.046625331 0.001929095 0.998910606 0.549349070
0.998837411 0.000545258 -0.048204340 -0.021747973 -0.000640855 0.999997914 -0.001967716 -0.005618026 0.048203163 0.001996320 0.998835564 0.599596739
0.998724997 -0.000043996 -0.050482437 -0.023927459 -0.000018114 0.999999225 -0.001229865 -0.005858580 0.050482456 0.001229211 0.998724222 0.649888992
0.998663187 -0.001735977 -0.051662009 -0.027155187 0.001663429 0.999997616 -0.001447227 -0.006347932 0.051664401 0.001359356 0.998663604 0.701115787
0.998543918 0.000866148 -0.053938296 -0.030043606 -0.001058805 0.999993145 -0.003543331 -0.007323327 0.053934857 0.003595282 0.998538017 0.750481129
0.998470604 0.001581981 -0.055263009 -0.033307929 -0.001956995 0.999975324 -0.006732516 -0.007334898 0.055251002 0.006830370 0.998449147 0.802814007
0.998380899 0.005282017 -0.056637555 -0.037253562 -0.005763236 0.999948621 -0.008336499 -0.008246628 0.056590617 0.008649417 0.998359978 0.855375290
0.998310685 0.006045767 -0.057785545 -0.040289685 -0.006501028 0.999949217 -0.007693727 -0.009210950 0.057736099 0.008056395 0.998299360 0.905068874
0.998262703 0.004836079 -0.058722265 -0.044249978 -0.005211769 0.999966860 -0.006246258 -0.010019571 0.058690116 0.006541453 0.998254776 0.959018767
0.998181999 0.005648155 -0.060006998 -0.047885653 -0.005922914 0.999972761 -0.004401909 -0.011065356 0.059980508 0.004749322 0.998188257 1.010427475
0.998175681 0.005186737 -0.060154766 -0.052267864 -0.005426953 0.999977946 -0.003830606 -0.012355300 0.060133576 0.004150074 0.998181701 1.064637065
0.998017430 0.005021175 -0.062737666 -0.054538444 -0.005369206 0.999971092 -0.005380052 -0.012409998 0.062708832 0.005706238 0.998015583 1.116577387
0.997995496 0.003998055 -0.063159339 -0.058542144 -0.004384823 0.999972522 -0.005986281 -0.013170982 0.063133679 0.006251225 0.997985482 1.170910239
0.997848272 0.003763065 -0.065458238 -0.060585685 -0.004019592 0.999984741 -0.003787701 -0.014141787 0.065442987 0.004042666 0.997848153 1.226633310
0.997913063 0.004579697 -0.064408444 -0.065107644 -0.004657451 0.999988675 -0.001057113 -0.014467036 0.064402871 0.001354886 0.997923076 1.278450847
0.997962892 0.005475136 -0.063561641 -0.068903930 -0.005309117 0.999982178 0.002780555 -0.015033537 0.063575707 -0.002437435 0.997974098 1.332972288
0.998067558 0.004149539 -0.062000014 -0.072260305 -0.003829581 0.999978781 0.005278587 -0.015267485 0.062020607 -0.005030953 0.998062253 1.388554811
0.998149931 0.004317628 -0.060646992 -0.075583048 -0.003921791 0.999970257 0.006644414 -0.015931902 0.060673874 -0.006394276 0.998137116 1.442426205
0.998236120 0.004850093 -0.059171937 -0.079389893 -0.004622162 0.999981284 0.003988282 -0.016396424 0.059190184 -0.003707744 0.998239815 1.498582244
0.998282254 0.005218544 -0.058354910 -0.082429118 -0.005274544 0.999985754 -0.000805663 -0.016839940 0.058349874 0.001112075 0.998295546 1.552174091
0.998365521 0.005048821 -0.056927048 -0.086143076 -0.005290923 0.999977648 -0.004102934 -0.016932357 0.056905061 0.004397425 0.998369873 1.608741641
0.998402715 0.002025526 -0.056463655 -0.088830665 -0.002199667 0.999993026 -0.003022159 -0.017674379 0.056457136 0.003141533 0.998400033 1.663834572
0.998402417 0.000906723 -0.056495797 -0.092125706 -0.000807958 0.999998093 0.001770988 -0.018369205 0.056497291 -0.001722512 0.998401284 1.721689701
0.998337686 -0.003206098 -0.057547100 -0.095135361 0.003510069 0.999980450 0.005181822 -0.018573090 0.057529356 -0.005375202 0.998329341 1.776497006
0.998227060 -0.010268258 -0.058630299 -0.097774595 0.010519540 0.999936819 0.003978810 -0.018491549 0.058585737 -0.004588520 0.998271883 1.834222317
0.998100340 -0.012845856 -0.060256127 -0.101132371 0.012917993 0.999916255 0.000807755 -0.019448405 0.060240701 -0.001584609 0.998182654 1.889527798
0.998011529 -0.012476579 -0.061785139 -0.104750596 0.012314240 0.999919653 -0.003007591 -0.020179577 0.061817698 0.002240774 0.998084962 1.948269963
0.997926295 -0.010899179 -0.063437402 -0.108979017 0.010662115 0.999934852 -0.004074278 -0.020469990 0.063477673 0.003389453 0.997977495 2.003988981
0.997864127 -0.010882176 -0.064410441 -0.113114819 0.010728848 0.999938786 -0.002725868 -0.021263894 0.064436145 0.002028996 0.997919858 2.063544035
0.997836471 -0.007531441 -0.065314189 -0.117070012 0.007560153 0.999971390 0.000192439 -0.022215044 0.065310873 -0.000685808 0.997864664 2.119142771
0.997794092 -0.007524486 -0.065957412 -0.121742599 0.007645720 0.999969482 0.001585852 -0.022616364 0.065943465 -0.002086645 0.997821093 2.178316116
0.997688651 -0.006165329 -0.067671373 -0.124874331 0.006466478 0.999970138 0.004232026 -0.023580499 0.067643262 -0.004659839 0.997698665 2.234064341
0.997662187 -0.005893430 -0.068085343 -0.128788576 0.006384764 0.999955118 0.007001098 -0.023849208 0.068041034 -0.007419439 0.997654915 2.293900013
0.997697771 -0.000271535 -0.067817390 -0.133743048 0.000916810 0.999954581 0.009483951 -0.024355136 0.067811735 -0.009524292 0.997652709 2.349210978
0.997655630 0.000468600 -0.068434291 -0.138151377 0.000136247 0.999960959 0.008833432 -0.024759261 0.068435773 -0.008822048 0.997616529 2.408952475
0.997632086 0.000105124 -0.068777472 -0.141225249 0.000386688 0.999974430 0.007137421 -0.025234876 0.068776466 -0.007147116 0.997606516 2.466977835
0.997680128 0.001386618 -0.068062402 -0.146286383 -0.001072745 0.999988616 0.004647894 -0.024459641 0.068068072 -0.004564099 0.997670233 2.521111250
0.997578859 0.001020280 -0.069536798 -0.149909928 -0.000665153 0.999986589 0.005130012 -0.025394231 0.069541097 -0.005071338 0.997566283 2.579015970
0.997541547 -0.000825285 -0.070072271 -0.154518858 0.001230773 0.999982715 0.005743733 -0.025073929 0.070066318 -0.005815856 0.997525394 2.635324001
0.997416735 -0.001361037 -0.071819343 -0.157968402 0.001859207 0.999974668 0.006870026 -0.025294663 0.071808167 -0.006985806 0.997394025 2.694276810
0.997394383 0.001269522 -0.072129726 -0.162425950 -0.001008929 0.999992788 0.003649153 -0.026386734 0.072133839 -0.003566872 0.997388601 2.751975298
0.997356534 0.002433510 -0.072622575 -0.166641667 -0.002466887 0.999997020 -0.000369901 -0.027111135 0.072621450 0.000548075 0.997359455 2.804018497
0.997329712 0.003322318 -0.072955646 -0.171199709 -0.003438758 0.999993026 -0.001470490 -0.027658477 0.072950259 0.001717440 0.997334123 2.860736847
0.997320294 0.001811016 -0.073137201 -0.175244570 -0.001671276 0.999996662 0.001971817 -0.028470661 0.073140532 -0.001844300 0.997319937 2.915896416
0.997285008 0.000097232 -0.073638901 -0.179331839 0.000299033 0.999985516 0.005370147 -0.029247893 0.073638365 -0.005377587 0.997270525 2.973321915
0.997294784 -0.001381341 -0.073492803 -0.183451504 0.001800996 0.999982476 0.005644187 -0.029597325 0.073483713 -0.005761279 0.997279823 3.026901722
0.997285903 -0.005321421 -0.073434129 -0.187976822 0.005707390 0.999970973 0.005047154 -0.030626314 0.073405147 -0.005452572 0.997287333 3.083260536
0.997270584 -0.007098131 -0.073491119 -0.192776054 0.007350388 0.999967933 0.003162570 -0.030916583 0.073466308 -0.003694126 0.997290969 3.139518023
0.997133553 -0.008824620 -0.075145274 -0.195245251 0.009196656 0.999947071 0.004606295 -0.031672217 0.075100653 -0.005284176 0.997161984 3.191007614
0.997021616 -0.011747595 -0.076222926 -0.199382663 0.012403663 0.999889910 0.008139514 -0.031454120 0.076118924 -0.009060715 0.997057617 3.247218370
0.996957242 -0.012580035 -0.076929487 -0.204068452 0.013648286 0.999817371 0.013376116 -0.032097470 0.076747164 -0.014385370 0.996946871 3.304567814
0.996947646 -0.010843407 -0.077315465 -0.208414480 0.012085338 0.999805033 0.015613371 -0.032045458 0.077131085 -0.016500095 0.996884406 3.356037140
0.996874094 -0.009000404 -0.078492329 -0.213354781 0.009947052 0.999882340 0.011677759 -0.032658953 0.078377977 -0.012422021 0.996846318 3.411534548
0.996803939 -0.007552958 -0.079528101 -0.218901470 0.007880390 0.999961734 0.003804123 -0.032730799 0.079496332 -0.004418677 0.996825337 3.466262817
0.996683478 -0.006549143 -0.081112154 -0.221858606 0.006493684 0.999978423 -0.000947506 -0.032940105 0.081116594 0.000417647 0.996704519 3.516101599
0.996625900 -0.001734221 -0.082060754 -0.226925373 0.001724437 0.999998510 -0.000190112 -0.033219680 0.082060955 0.000047962 0.996627331 3.569363117
0.996563315 0.000718929 -0.082831442 -0.231461793 -0.000528389 0.999997079 0.002322232 -0.034260828 0.082832873 -0.002270484 0.996560872 3.619014502
0.996506333 0.003753030 -0.083432093 -0.236570477 -0.003450340 0.999986887 0.003771869 -0.035260323 0.083445147 -0.003470822 0.996506333 3.670742750
0.996377945 0.003774421 -0.084951796 -0.240835443 -0.003456728 0.999986410 0.003886471 -0.035906918 0.084965311 -0.003578738 0.996377468 3.720913649
0.996237099 0.006347762 -0.086437449 -0.245438904 -0.005991899 0.999972463 0.004375842 -0.036284879 0.086462840 -0.003841452 0.996247649 3.768042564
0.996089160 0.006120468 -0.088142760 -0.249077752 -0.005687395 0.999970496 0.005163614 -0.036770638 0.088171758 -0.004642116 0.996094465 3.817347765
0.995942950 0.006439311 -0.089756370 -0.252893448 -0.005934265 0.999965012 0.005892582 -0.037992336 0.089791186 -0.005336038 0.995946348 3.864327908
0.995873451 0.006512919 -0.090518668 -0.258514702 -0.005920252 0.999959290 0.006814431 -0.038192272 0.090559363 -0.006250418 0.995871425 3.909720659
0.995696008 0.009448913 -0.092195757 -0.262622923 -0.008647647 0.999921441 0.009086561 -0.038107418 0.092274360 -0.008250176 0.995699406 3.956267118
0.995576501 0.011269330 -0.093276247 -0.267237335 -0.010087522 0.999862909 0.013131804 -0.038462736 0.093411446 -0.012132789 0.995553672 4.002334595
0.995387554 0.013799344 -0.094937712 -0.272033066 -0.012405626 0.999806643 0.015254993 -0.038918100 0.095129870 -0.014006867 0.995366335 4.045326710
0.995243013 0.016648211 -0.095990553 -0.276896358 -0.015666196 0.999817073 0.010974959 -0.039313130 0.096155696 -0.009418943 0.995321751 4.089266300
0.995143116 0.016806306 -0.096993871 -0.281928122 -0.016571086 0.999857485 0.003230194 -0.039143983 0.097034335 -0.001607212 0.995279729 4.131423473
0.994962394 0.015839327 -0.098989926 -0.285127014 -0.016173152 0.999865890 -0.002570714 -0.039467100 0.098935932 0.004158743 0.995085180 4.169660568
0.994967997 0.016585127 -0.098811723 -0.290324539 -0.017006768 0.999849498 -0.003426304 -0.040266830 0.098740026 0.005089531 0.995100319 4.210396767
0.994883895 0.019239735 -0.099176183 -0.295162559 -0.019274466 0.999813974 0.000608012 -0.041367713 0.099169433 0.001306666 0.995069861 4.249843121
0.994695485 0.019608825 -0.100977585 -0.298373908 -0.019490292 0.999807715 0.002160342 -0.041596435 0.101000525 -0.000180799 0.994886398 4.285353184
0.994666159 0.016346244 -0.101843663 -0.302201003 -0.016535006 0.999862790 -0.001009512 -0.042424999 0.101813182 0.002688113 0.994799972 4.321370602
0.994777858 0.007836922 -0.101763576 -0.305332661 -0.008542907 0.999942362 -0.006503556 -0.042715795 0.101706743 0.007338951 0.994787395 4.357488632
0.994891465 0.004177981 -0.100864053 -0.308610052 -0.005340017 0.999922395 -0.011253572 -0.043489158 0.100809194 0.011734697 0.994836569 4.390147686
0.995181680 0.006434484 -0.097837746 -0.312024683 -0.007600736 0.999904335 -0.011552219 -0.044222869 0.097754061 0.012240192 0.995135367 4.424126625
0.995575905 0.011541668 -0.093249604 -0.316104472 -0.012368864 0.999889076 -0.008297672 -0.045142706 0.093143500 0.009414352 0.995608151 4.457396507
0.995953858 0.009979185 -0.089312017 -0.317912877 -0.010513244 0.999929547 -0.005511246 -0.045470186 0.089250721 0.006427904 0.995988429 4.487434864
0.996509433 0.006536748 -0.083224691 -0.320313722 -0.006693294 0.999976277 -0.001602110 -0.045920547 0.083212242 0.002153564 0.996529460 4.519470692
0.997138560 0.002004531 -0.075570658 -0.321185827 -0.001807407 0.999994814 0.002676795 -0.047628500 0.075575627 -0.002532548 0.997136891 4.550495148
0.997877598 0.005740575 -0.064863794 -0.323266119 -0.005610066 0.999981999 0.002193990 -0.047555279 0.064875208 -0.001825443 0.997891665 4.578243732
0.998702943 0.011073832 -0.049696703 -0.324721128 -0.010974708 0.999937177 0.002267021 -0.048616029 0.049718678 -0.001718674 0.998761773 4.607417583
0.999380708 0.016168168 -0.031253245 -0.325723320 -0.016087415 0.999866605 0.002833663 -0.048914786 0.031294882 -0.002329124 0.999507487 4.636361122
0.999848902 0.014544588 -0.009519978 -0.324926138 -0.014520578 0.999891222 0.002586452 -0.048447695 0.009556565 -0.002447826 0.999951303 4.662187099
0.999798298 0.011139680 0.016710108 -0.322998166 -0.011204014 0.999930143 0.003761305 -0.049037807 -0.016667040 -0.003947766 0.999853253 4.689125538
0.998853683 0.009975450 0.046817981 -0.321019262 -0.010198975 0.999937713 0.004537848 -0.048993576 -0.046769798 -0.005010141 0.998893082 4.716181755
0.996792078 0.009412961 0.079478085 -0.318029463 -0.009967236 0.999928713 0.006580092 -0.049835358 -0.079410471 -0.007351161 0.996814907 4.739355087
0.993051887 0.009655281 0.117280640 -0.313578844 -0.010495097 0.999923587 0.006545281 -0.049763609 -0.117208473 -0.007730675 0.993077219 4.765124798
0.987315416 0.009681622 0.158475593 -0.307971835 -0.010771841 0.999923885 0.006021870 -0.049867567 -0.158405215 -0.007652558 0.987344563 4.789906025
0.979032874 0.008846264 0.203510314 -0.302125603 -0.010534961 0.999918401 0.007215986 -0.050971948 -0.203429893 -0.009208659 0.979046166 4.811136246
0.967483222 0.011298217 0.252682984 -0.294988602 -0.013171546 0.999896824 0.005723365 -0.051663917 -0.252592266 -0.008865485 0.967532158 4.833832741
0.952120662 0.012022492 0.305486202 -0.285513401 -0.013405567 0.999907076 0.002430026 -0.051922340 -0.305428594 -0.006408893 0.952193379 4.856317520
0.932406902 0.012888436 0.361180723 -0.276072621 -0.013962168 0.999902427 0.000363355 -0.052236933 -0.361140758 -0.005381659 0.932495773 4.875760078
0.908249974 0.013440904 0.418212116 -0.264473110 -0.014053673 0.999899864 -0.001614763 -0.052508485 -0.418191910 -0.004410808 0.908347964 4.895956993
0.878996432 0.013341079 0.476641774 -0.252574623 -0.013252352 0.999905884 -0.003547854 -0.052826278 -0.476644278 -0.003198074 0.879090428 4.914426804
0.845650196 0.012520142 0.533590674 -0.238635987 -0.010851702 0.999921441 -0.006264008 -0.052987091 -0.533627152 -0.000493206 0.845719755 4.931879997
0.809018135 0.012518065 0.587650299 -0.223048612 -0.009698849 0.999921322 -0.007947811 -0.053269930 -0.587703586 0.000730391 0.809075952 4.948769093
0.768718779 0.011220458 0.639488399 -0.207288206 -0.008637043 0.999936998 -0.007162434 -0.053791717 -0.639528453 -0.000017390 0.768767416 4.964869499
0.727246344 0.010418762 0.686297417 -0.190938681 -0.009736943 0.999940813 -0.004862307 -0.054318950 -0.686307490 -0.003146344 0.727304697 4.977355480
0.682143331 0.009050447 0.731162488 -0.173014507 -0.008812334 0.999952555 -0.004156044 -0.054988846 -0.731165409 -0.003608231 0.682190776 4.990678310
0.635955155 0.007791271 0.771686673 -0.153794631 -0.005097352 0.999969721 -0.005895328 -0.055122070 -0.771709204 -0.000184396 0.635975540 5.002857208
0.588723123 0.005311496 0.808317363 -0.136006519 -0.000233453 0.999979436 -0.006400886 -0.055988606 -0.808334768 0.003579645 0.588712275 5.012954235
0.542707443 0.006967876 0.839892983 -0.115832828 -0.002350392 0.999974310 -0.006777197 -0.056867439 -0.839918554 0.001703957 0.542709827 5.022736549
0.494499415 0.010238066 0.869117737 -0.097125359 -0.005963078 0.999947011 -0.008386420 -0.057190027 -0.869157553 -0.001035537 0.494534194 5.032351971
0.449605584 0.012702324 0.893136919 -0.076557636 -0.006847733 0.999918520 -0.010773834 -0.057597190 -0.893200994 -0.001271986 0.449655890 5.040040493
0.406018406 0.010206115 0.913807988 -0.055613525 -0.000096338 0.999938071 -0.011125277 -0.058052119 -0.913864851 0.004429033 0.405994236 5.047629356
0.366837561 0.002192115 0.930282414 -0.034603391 0.015054705 0.999852300 -0.008292560 -0.058451969 -0.930163205 0.017047150 0.366750360 5.052659035
0.331575423 -0.000794181 0.943428338 -0.012435284 0.019196194 0.999798298 -0.005905022 -0.058247499 -0.943233430 0.020068197 0.331523776 5.058091640
0.298524648 0.002764319 0.954397857 0.010004714 0.016322274 0.999834776 -0.008001341 -0.059196886 -0.954262376 0.017966542 0.298430175 5.064034462
0.267097801 0.010332962 0.963614047 0.031221967 0.005791160 0.999907255 -0.012327354 -0.059840299 -0.963652015 0.008873054 0.267013311 5.070001602
0.238243103 0.014518556 0.971097052 0.054573841 0.001739310 0.999880254 -0.015375597 -0.060787287 -0.971204042 0.005352168 0.238189340 5.075532436
0.213087752 0.016419599 0.976895094 0.078332186 0.002051505 0.999849081 -0.017252898 -0.061738346 -0.977030933 0.005680487 0.213021919 5.079268456
0.189300820 0.018602330 0.981742978 0.102993876 0.009026072 0.999745369 -0.020683862 -0.062193844 -0.981877625 0.012776755 0.189084694 5.082620621
0.169659391 0.023804754 0.985215187 0.128077194 0.016206883 0.999505579 -0.026940947 -0.062571369 -0.985369444 0.020538049 0.169189721 5.085131645
0.150022477 0.031009616 0.988196194 0.153750584 0.018749857 0.999239028 -0.034202632 -0.062265243 -0.988504827 0.023659704 0.149326861 5.088161469
0.132257655 0.031734943 0.990707338 0.181377292 0.016369162 0.999281168 -0.034194838 -0.063138910 -0.991080225 0.020739578 0.131643116 5.091869354
0.116797611 0.027238131 0.992782116 0.208902180 0.014052857 0.999478400 -0.029075123 -0.064567186 -0.993056297 0.017347327 0.116353899 5.094688416
0.101411276 0.024394948 0.994545460 0.238053694 0.014457004 0.999557495 -0.025992036 -0.065595217 -0.994739532 0.017014030 0.101013735 5.097881794
0.089070447 0.021550065 0.995792150 0.266794890 0.016583784 0.999595225 -0.023115734 -0.066853568 -0.995887280 0.018572930 0.088676997 5.099167347
0.077821173 0.020497421 0.996756554 0.297600210 0.020126790 0.999552548 -0.022126304 -0.067765824 -0.996764183 0.021783408 0.077373795 5.100199699
0.067404583 0.021023510 0.997504354 0.329011083 0.023629960 0.999463916 -0.022661567 -0.068770155 -0.997445881 0.025098482 0.066871658 5.102325439
0.059606250 0.021611826 0.997988045 0.361929119 0.025234500 0.999413550 -0.023149859 -0.069698259 -0.997902989 0.026563607 0.059025913 5.103822231
0.054229613 0.022389237 0.998277485 0.396697730 0.026309375 0.999369383 -0.023842940 -0.070469201 -0.998181880 0.027557049 0.053606372 5.105276108
0.048464432 0.023135694 0.998557091 0.430405945 0.028510466 0.999292314 -0.024536474 -0.071303457 -0.998417914 0.029658470 0.047770530 5.106952190
0.042098809 0.023858322 0.998828590 0.466228038 0.028263682 0.999286354 -0.025060516 -0.072431006 -0.998713613 0.029285591 0.041394435 5.108435154
0.038006186 0.024059089 0.998987794 0.503121078 0.031606551 0.999180973 -0.025266200 -0.073118955 -0.998777568 0.032534834 0.037214633 5.109396935
0.034782533 0.024271829 0.999100089 0.541863263 0.032750860 0.999140441 -0.025412992 -0.074335873 -0.998858213 0.033605322 0.033957709 5.110763550
0.032298177 0.023247864 0.999207854 0.581006765 0.033627387 0.999138117 -0.024333205 -0.075713083 -0.998912394 0.034386668 0.031488579 5.111143112
0.029649759 0.022718094 0.999302149 0.622239411 0.036006872 0.999068558 -0.023781123 -0.076731160 -0.998911619 0.036686845 0.028804135 5.112630367
0.029045474 0.022433227 0.999326348 0.663191020 0.040169302 0.998914361 -0.023591500 -0.077913165 -0.998770654 0.040827468 0.028112816 5.113196373
0.030021384 0.021721685 0.999313295 0.705128253 0.043868486 0.998771906 -0.023027815 -0.079317443 -0.998586178 0.044529680 0.029031618 5.114407063
0.032703672 0.021546967 0.999232829 0.750403821 0.045962784 0.998677373 -0.023039296 -0.081120677 -0.998407662 0.046680987 0.031670064 5.115975857
0.036286794 0.021541014 0.999109209 0.795164168 0.047738347 0.998588979 -0.023263611 -0.082202487 -0.998200536 0.048539985 0.035207253 5.117218018
0.040971018 0.021156495 0.998936296 0.841744304 0.048112981 0.998574197 -0.023122163 -0.083343804 -0.998001277 0.049009144 0.039894700 5.118803024
0.044763412 0.019808510 0.998801172 0.889835477 0.049556635 0.998528481 -0.022024084 -0.084475443 -0.997767687 0.050483104 0.043715894 5.121231556
0.048620835 0.018058976 0.998654008 0.935895979 0.049631685 0.998557746 -0.020473616 -0.085576236 -0.997583449 0.050560329 0.047654413 5.123460770
0.052451059 0.015633162 0.998501062 0.985220075 0.046917114 0.998734713 -0.018101364 -0.086947672 -0.997520745 0.047796227 0.051651236 5.126876831
0.057073526 0.014656545 0.998262286 1.035875082 0.046282463 0.998778403 -0.017310221 -0.088242449 -0.997296631 0.047189992 0.056325462 5.129645824
0.060624637 0.015900139 0.998034000 1.083576679 0.042604242 0.998920619 -0.018502222 -0.089576855 -0.997250915 0.043642182 0.059881791 5.133329868
0.063602582 0.020000011 0.997774959 1.135219812 0.040833492 0.998909652 -0.022625666 -0.090961993 -0.997139513 0.042181686 0.062716566 5.137575150
0.065501757 0.025342738 0.997530639 1.185443163 0.035297256 0.998992980 -0.027697647 -0.092472307 -0.997227967 0.037024342 0.064541273 5.140347958
0.064769045 0.028074307 0.997505248 1.234271765 0.031571042 0.999046087 -0.030167615 -0.094935149 -0.997400761 0.033446215 0.063820928 5.144543171
0.065041803 0.027763654 0.997496247 1.286581278 0.029425945 0.999124825 -0.029727701 -0.096628509 -0.997448623 0.031285819 0.064167909 5.147884846
0.065376148 0.026280571 0.997514486 1.338664770 0.026642416 0.999250770 -0.028072432 -0.098174043 -0.997504950 0.028411470 0.064626984 5.151947975
0.064803459 0.024835262 0.997588992 1.387277603 0.027185267 0.999275267 -0.026643202 -0.100675985 -0.997527719 0.028846290 0.064081341 5.155438900
0.065041617 0.023904447 0.997596264 1.439380765 0.024546495 0.999372184 -0.025547396 -0.103124820 -0.997580707 0.026149129 0.064414017 5.159608364
0.065230645 0.024400394 0.997571886 1.491656423 0.023257000 0.999392331 -0.025965681 -0.105114065 -0.997599244 0.024894286 0.064623527 5.163417816
0.065292530 0.024679706 0.997560859 1.539441824 0.020420616 0.999451697 -0.026063059 -0.107144892 -0.997657239 0.022072531 0.064752750 5.166779995
0.064247914 0.026376681 0.997585297 1.590213656 0.018213317 0.999453127 -0.027599066 -0.108783156 -0.997767806 0.019942522 0.063732371 5.170048714
0.061002705 0.025954172 0.997800052 1.642927885 0.014409209 0.999534786 -0.026880231 -0.111112818 -0.998033583 0.016017279 0.060600344 5.174622059
0.057712141 0.024895197 0.998022795 1.691197753 0.012260739 0.999595940 -0.025643433 -0.112479486 -0.998257995 0.013716435 0.057383586 5.176974297
0.052781876 0.022497671 0.998352587 1.742807746 0.009456963 0.999690056 -0.023027787 -0.114398412 -0.998561323 0.010656834 0.052552756 5.179586411
0.046983451 0.020579183 0.998683691 1.794018149 0.007209163 0.999754786 -0.020940410 -0.116177619 -0.998869658 0.008183526 0.046823569 5.181826591
0.038899809 0.020628491 0.999030173 1.841789961 0.007443346 0.999753296 -0.020933244 -0.118013196 -0.999215424 0.008250425 0.038736653 5.184688568
0.030229153 0.021412212 0.999313653 1.892594218 0.007952326 0.999733746 -0.021661770 -0.119932719 -0.999511421 0.008601684 0.030050827 5.186186790
0.020247187 0.022165891 0.999549210 1.942245483 0.008492889 0.999714315 -0.022341585 -0.121194653 -0.999758959 0.008941414 0.020053148 5.186612606
0.009777841 0.020949112 0.999732733 1.990249515 0.009393858 0.999734461 -0.021041023 -0.123268142 -0.999908030 0.009597083 0.009578453 5.188106060
-0.000348465 0.019997496 0.999799967 2.040881634 0.008358480 0.999765098 -0.019993886 -0.124847226 -0.999965012 0.008349840 -0.000515532 5.187771320
-0.012135043 0.019336177 0.999739408 2.089038372 0.009628993 0.999768913 -0.019219870 -0.126455963 -0.999880016 0.009393251 -0.012318425 5.187524319
-0.023191480 0.019572467 0.999539435 2.139056206 0.009766281 0.999764979 -0.019350287 -0.128024444 -0.999683380 0.009313021 -0.023377180 5.186374187
-0.034208853 0.020508574 0.999204218 2.189753056 0.010450238 0.999742091 -0.020161837 -0.129499421 -0.999360085 0.009752210 -0.034414347 5.185237408
-0.044765685 0.021386063 0.998768628 2.235352993 0.009890601 0.999731362 -0.020963376 -0.131655544 -0.998948514 0.008939982 -0.044965181 5.182533264
-0.055078782 0.022938827 0.998218477 2.283448219 0.010909557 0.999690235 -0.022370690 -0.132142961 -0.998422444 0.009657972 -0.055311970 5.180027485
-0.064628996 0.023116639 0.997641563 2.330578327 0.011143647 0.999686003 -0.022442106 -0.134724215 -0.997847140 0.009666955 -0.064866312 5.176174641
-0.075333245 0.023517655 0.996881127 2.379816771 0.012055316 0.999670267 -0.022672450 -0.136497974 -0.997085571 0.010309727 -0.075591907 5.174095631
-0.083363734 0.024284342 0.996223271 2.426172733 0.011847141 0.999656498 -0.023376668 -0.137548059 -0.996448755 0.009853630 -0.083622783 5.167946815
-0.092006624 0.023760520 0.995474875 2.470227480 0.013685264 0.999650955 -0.022595339 -0.139561936 -0.995664358 0.011544416 -0.092299692 5.163969040
-0.099026158 0.021981332 0.994841993 2.515542269 0.014820729 0.999677598 -0.020612929 -0.141924560 -0.994974494 0.012703065 -0.099320024 5.158995152
-0.104408093 0.020982470 0.994313180 2.563151360 0.018358130 0.999647677 -0.019167341 -0.143029809 -0.994365096 0.016252505 -0.104756527 5.154199600
-0.108391725 0.019347696 0.993919969 2.605385303 0.021691946 0.999618530 -0.017093016 -0.144526780 -0.993871570 0.019707317 -0.108770072 5.149228573
-0.111253105 0.018221091 0.993625104 2.650279045 0.023245322 0.999606013 -0.015728066 -0.146221340 -0.993520200 0.021347335 -0.111632846 5.144546986
-0.112803191 0.017422866 0.993464589 2.694856882 0.023206715 0.999619663 -0.014895801 -0.147909284 -0.993346274 0.021374751 -0.113164626 5.139751434
-0.113907330 0.017834455 0.993331313 2.733477592 0.023680475 0.999603570 -0.015231580 -0.148584336 -0.993209124 0.021787575 -0.114284493 5.135055065
-0.112856835 0.018896814 0.993431568 2.776235104 0.024501530 0.999568045 -0.016230095 -0.149996400 -0.993309200 0.022508917 -0.113271080 5.130146503
-0.109998502 0.020307712 0.993724346 2.816330433 0.024805643 0.999535918 -0.017680664 -0.151471704 -0.993622243 0.022705127 -0.110451199 5.126086235
-0.104596965 0.021406120 0.994284272 2.851242065 0.025847467 0.999489129 -0.018799068 -0.151874319 -0.994178772 0.023733404 -0.105096824 5.121856689
-0.096541233 0.022475896 0.995075166 2.889698029 0.026653685 0.999444902 -0.019988682 -0.152804047 -0.994972050 0.024592688 -0.097086713 5.118176460
-0.085462488 0.021950612 0.996099532 2.924811840 0.024555368 0.999499977 -0.019918766 -0.154829219 -0.996038795 0.022757286 -0.085958757 5.115895748
-0.071935654 0.022406455 0.997157633 2.958060980 0.023679582 0.999504209 -0.020750925 -0.156232297 -0.997128129 0.022119544 -0.072430566 5.114250183
-0.054793153 0.023941118 0.998210728 2.992079020 0.022607462 0.999486029 -0.022730751 -0.157606795 -0.998241782 0.021321522 -0.055306241 5.113154888
-0.033189412 0.026147543 0.999107063 3.025360584 0.020347534 0.999468327 -0.025481073 -0.159178868 -0.999241948 0.019483663 -0.033703815 5.112465382
-0.008897996 0.029123172 0.999536335 3.055951118 0.018858284 0.999402940 -0.028951406 -0.160465628 -0.999782562 0.018591931 -0.009441897 5.113880157
0.019418424 0.030808691 0.999336720 3.088956594 0.016798725 0.999374092 -0.031136261 -0.161882013 -0.999670327 0.017392201 0.018888721 5.115878582
0.052752361 0.030395553 0.998144925 3.122484922 0.014216425 0.999412477 -0.031185493 -0.163306162 -0.998506427 0.015835168 0.052289248 5.118537903
0.091035701 0.027996296 0.995454013 3.150349140 0.014053371 0.999469101 -0.029394422 -0.164567545 -0.995748460 0.016665427 0.090593942 5.122087479
0.133051142 0.024253886 0.990812361 3.182683706 0.012549450 0.999579132 -0.026153689 -0.165707842 -0.991029799 0.015913928 0.132690772 5.128344536
0.178620860 0.019729774 0.983720064 3.213617563 0.009578491 0.999716580 -0.021789841 -0.167389929 -0.983871341 0.013314675 0.178381279 5.135101795
0.227365538 0.016915422 0.973662555 3.240641117 0.005246239 0.999813378 -0.018594820 -0.167959005 -0.973795354 0.009335888 0.227234378 5.142762661
0.278641701 0.015340060 0.960272610 3.269920826 0.000615395 0.999869406 -0.016151177 -0.169261202 -0.960394919 0.005091337 0.278595865 5.153725147
0.333494604 0.014954234 0.942633450 3.297247887 0.000246778 0.999872744 -0.015949601 -0.170118183 -0.942752004 0.005551728 0.333448470 5.164867878
0.391737998 0.015364191 0.919948578 3.324457169 0.002615563 0.999837935 -0.017812209 -0.171229869 -0.920073092 0.009383901 0.391634285 5.178272247
0.450904816 0.018775819 0.892374635 3.348306894 0.003067234 0.999740183 -0.022584656 -0.172073886 -0.892566800 0.012920651 0.450730026 5.192742348
0.509982944 0.022133287 0.859899819 3.372444868 0.004472615 0.999587119 -0.028381342 -0.173214898 -0.860172927 0.018320000 0.509673417 5.209692478
0.568233132 0.027020449 0.822423756 3.394072294 -0.000410729 0.999469817 -0.032553449 -0.173838258 -0.822867572 0.018160161 0.567943156 5.227423668
0.623344958 0.030385215 0.781356454 3.415178776 -0.004430028 0.999365985 -0.035328962 -0.174345940 -0.781934500 0.018560696 0.623084247 5.248299599
0.676486552 0.030572634 0.735820115 3.434274435 -0.005433007 0.999317944 -0.036525812 -0.175560236 -0.736434937 0.020711504 0.676191270 5.268283844
0.724202394 0.029670043 0.688948929 3.452127218 -0.007029900 0.999339700 -0.035647608 -0.176426888 -0.689551651 0.020972842 0.723932803 5.292668819
0.770492971 0.024998797 0.636958182 3.469447851 -0.007527318 0.999517798 -0.030122859 -0.177448854 -0.637404144 0.018414857 0.770309567 5.315235615
0.811458945 0.019115683 0.584096789 3.484791517 -0.006859834 0.999707580 -0.023187289 -0.178342551 -0.584369302 0.014808723 0.811352730 5.341902733
0.846824646 0.018652063 0.531545103 3.498359442 -0.011073215 0.999786615 -0.017441614 -0.178549305 -0.531756997 0.008884078 0.846850276 5.371072292
0.878936172 0.013977958 0.476734668 3.508801937 -0.011071729 0.999899030 -0.008904752 -0.180167124 -0.476810962 0.002548432 0.879002154 5.393156528
0.904201210 0.015197800 0.426836401 3.519445896 -0.014740812 0.999881804 -0.004374852 -0.180232167 -0.426852494 -0.002336169 0.904318273 5.422649384
0.924591362 0.016256340 0.380613357 3.527468681 -0.017831728 0.999840796 0.000612981 -0.181980655 -0.380542815 -0.007353750 0.924734056 5.448142052
0.939999580 0.022017106 0.340464324 3.536221743 -0.024567751 0.999693155 0.003181923 -0.182223827 -0.340289772 -0.011355451 0.940252066 5.479263306
0.951740265 0.026450586 0.305762619 3.543707132 -0.028345561 0.999596596 0.001758537 -0.181991950 -0.305592746 -0.010340683 0.952106178 5.510845661
0.960897207 0.028818825 0.275401503 3.551313639 -0.030635057 0.999527991 0.002294535 -0.182195678 -0.275205404 -0.010641754 0.961326540 5.542807102
0.967202246 0.023450557 0.252922654 3.556925058 -0.024889765 0.999687135 0.002491731 -0.182356715 -0.252785087 -0.008705192 0.967483282 5.566202641
0.971034706 0.020108303 0.238090530 3.563844919 -0.021431996 0.999765933 0.002972055 -0.182645679 -0.237975031 -0.007988724 0.971238375 5.598835468
0.973816514 0.024352284 0.226027235 3.569988489 -0.025556186 0.999670565 0.002401393 -0.182633445 -0.225894272 -0.008114913 0.974118054 5.633284092
0.975749493 0.029206473 0.216932848 3.576333523 -0.030620722 0.999526083 0.003160067 -0.182387695 -0.216737732 -0.009726074 0.976181388 5.667862415
0.977252245 0.036257479 0.208958074 3.582265377 -0.037436292 0.999297619 0.001687833 -0.182229221 -0.208750159 -0.009472055 0.977923155 5.694144249
0.977667987 0.042247087 0.205865160 3.589052677 -0.042844847 0.999080539 -0.001555428 -0.182880715 -0.205741584 -0.007299569 0.978579164 5.730183125
0.977682114 0.043279972 0.205583394 3.596394062 -0.043138791 0.999055684 -0.005171048 -0.182480127 -0.205613077 -0.003812977 0.978625894 5.766950130
0.977272451 0.042063519 0.207772091 3.603021145 -0.041294817 0.999114811 -0.008037600 -0.183643043 -0.207926244 -0.000724987 0.978144228 5.797082901
0.976386607 0.040926941 0.212118670 3.611254930 -0.038818814 0.999146819 -0.014095193 -0.184336483 -0.212514579 0.005528160 0.977142215 5.835167885
0.975589573 0.041177206 0.215706527 3.619197607 -0.037908658 0.999095380 -0.019269995 -0.184436619 -0.216304868 0.010622459 0.976268053 5.868597507
0.974221051 0.046314143 0.220790356 3.627194166 -0.043191556 0.998886943 -0.018952221 -0.185242251 -0.221422374 0.008927373 0.975137055 5.908997536
0.972941756 0.049175091 0.225756571 3.635176897 -0.047022607 0.998782575 -0.014905281 -0.186015174 -0.226214707 0.003886312 0.974069655 5.943529606
0.971830785 0.045872357 0.231172249 3.644976616 -0.044790979 0.998946965 -0.009926787 -0.187106267 -0.231384218 -0.000707275 0.972862184 5.985140800
0.971110404 0.042050339 0.234896496 3.653838396 -0.042130001 0.999101102 -0.004681464 -0.187516257 -0.234882250 -0.005349972 0.972009122 6.021858692
0.970325291 0.039462503 0.238561705 3.664934635 -0.040686514 0.999171853 0.000206767 -0.188517123 -0.238356024 -0.009906878 0.971127331 6.064900875
0.969871521 0.034672238 0.241136968 3.674405575 -0.035851412 0.999357045 0.000503091 -0.188587010 -0.240964472 -0.009133033 0.970490992 6.102088928
0.969770432 0.031308193 0.242001951 3.684939861 -0.031591725 0.999497235 -0.002709585 -0.188970998 -0.241965085 -0.005017585 0.970271945 6.145870209
0.970038891 0.030883905 0.240978733 3.695178747 -0.029401103 0.999520183 -0.009747212 -0.189551219 -0.241164148 0.002370134 0.970481396 6.184408665
0.970135510 0.033057559 0.240300789 3.706106663 -0.029998731 0.999415755 -0.016377047 -0.190244004 -0.240701795 0.008679233 0.970560312 6.229535103
0.970688224 0.036310907 0.237583295 3.715198994 -0.032454357 0.999270618 -0.020124957 -0.190783203 -0.238140777 0.011824448 0.971158683 6.269252777
0.971315563 0.034706142 0.235247806 3.726487637 -0.031916428 0.999367952 -0.015657028 -0.191624746 -0.235642523 0.007699646 0.971809328 6.316545963
0.971746683 0.030957917 0.233986780 3.736416817 -0.029933870 0.999520481 -0.007927496 -0.192626297 -0.234120011 0.000699388 0.972207427 6.358242035
0.972338855 0.031123122 0.231491685 3.748114824 -0.031470954 0.999502301 -0.002191013 -0.193272054 -0.231444642 -0.005154857 0.972834408 6.407886505
0.972594857 0.034932584 0.229867339 3.757336140 -0.035231084 0.999375224 -0.002806776 -0.194245219 -0.229821742 -0.005368620 0.973217905 6.450146675
0.972754002 0.040455919 0.228282571 3.767781019 -0.039724283 0.999180198 -0.007800855 -0.194509014 -0.228410974 -0.001480047 0.973563671 6.500309944
0.973757505 0.041225154 0.223822981 3.777798653 -0.039377939 0.999143481 -0.012712168 -0.195600316 -0.224155352 0.003564882 0.974546909 6.543759346
0.974654496 0.040223714 0.220069945 3.789142132 -0.037723303 0.999167144 -0.015554236 -0.196484432 -0.220512301 0.006858239 0.975360036 6.595913887
0.975555658 0.038107466 0.216423377 3.800240993 -0.035926629 0.999256313 -0.014003545 -0.197480708 -0.216796055 0.005885875 0.976199210 6.648501873
0.976486444 0.034489948 0.212802008 3.810190439 -0.032691825 0.999393761 -0.011963799 -0.198326930 -0.213085636 0.004725601 0.977022111 6.690456390
0.976899266 0.033057585 0.211127624 3.821453333 -0.031791598 0.999450326 -0.009388786 -0.199303344 -0.211321935 0.002459814 0.977413476 6.744279385
0.977252305 0.030206023 0.209917679 3.833633900 -0.029310044 0.999543071 -0.007378689 -0.199949384 -0.210044637 0.001058145 0.977691293 6.799626827
0.977536440 0.024742307 0.209309459 3.843159437 -0.024088107 0.999693751 -0.005674511 -0.200845242 -0.209385723 0.000505173 0.977833033 6.842205524
0.977638781 0.025217641 0.208774328 3.855139017 -0.024835693 0.999681652 -0.004451100 -0.201373860 -0.208820105 -0.000833488 0.977953792 6.897746563
0.977405131 0.030657185 0.209139779 3.866191149 -0.030018749 0.999529958 -0.006226916 -0.202558115 -0.209232375 -0.000191894 0.977865934 6.953461647
0.977185905 0.036165666 0.209283888 3.875460386 -0.034952648 0.999343812 -0.009492845 -0.203089640 -0.209489867 0.001961249 0.977808893 6.997818947
0.976607859 0.045224529 0.210218549 3.886756420 -0.043874070 0.998975456 -0.011085770 -0.203893974 -0.210504532 0.001603308 0.977591634 7.054735184
0.975476921 0.051899098 0.213895664 3.897457600 -0.050808314 0.998652101 -0.010597714 -0.205082387 -0.214157358 -0.000529853 0.976799071 7.111808300
0.974793494 0.053401593 0.216624334 3.909795523 -0.052777521 0.998568714 -0.008669269 -0.206310764 -0.216777220 -0.002982148 0.976216674 7.169321060
0.974324346 0.054164864 0.218536437 3.919274330 -0.053433094 0.998528481 -0.009261564 -0.207370371 -0.218716532 -0.002653312 0.975784779 7.208817482
0.973849416 0.053054251 0.220912918 3.931685209 -0.051590405 0.998591423 -0.012395058 -0.207873195 -0.221259341 0.000673932 0.975214779 7.266588688
0.973976791 0.046996363 0.221721932 3.945498228 -0.045715835 0.998894989 -0.010906731 -0.209361702 -0.221989498 0.000486698 0.975048959 7.323928356
0.974264860 0.040212404 0.221790180 3.956603527 -0.038458765 0.999185503 -0.012221582 -0.210894659 -0.222100958 0.003377283 0.975017846 7.367182732
0.973956525 0.039363220 0.223291874 3.969383955 -0.037551988 0.999218345 -0.012353566 -0.212353975 -0.223603591 0.003646781 0.974673390 7.424712658
0.973592341 0.041428667 0.224502921 3.983099699 -0.040310245 0.999141395 -0.009564945 -0.213394567 -0.224706426 0.000262588 0.974426508 7.481634140
0.973152459 0.043706782 0.225973383 3.992399693 -0.043956898 0.999025702 -0.003927151 -0.214122936 -0.225924835 -0.006111372 0.974125564 7.525948524
0.972789943 0.047181655 0.226833850 4.005355835 -0.048486646 0.998823822 0.000181478 -0.215233698 -0.226558477 -0.011174954 0.973933399 7.583323956
0.972635508 0.046261523 0.227684200 4.018818855 -0.045927636 0.998921812 -0.006767264 -0.216150790 -0.227751747 -0.003874917 0.973711491 7.640923500
0.972955287 0.041582853 0.227220058 4.032649517 -0.037760023 0.999063015 -0.021147255 -0.217376634 -0.227886513 0.011995495 0.973613799 7.696463585
0.973225653 0.039574306 0.226419136 4.041165352 -0.033709053 0.998989880 -0.029713957 -0.218660876 -0.227366343 0.021286013 0.973576605 7.733054161
0.973442674 0.036548160 0.225994512 4.054175377 -0.032747537 0.999252439 -0.020544685 -0.220152065 -0.226576447 0.012598311 0.973911941 7.789757252
0.973950624 0.030292362 0.224727586 4.068749428 -0.031053804 0.999517620 -0.000146286 -0.221234098 -0.224623635 -0.006836169 0.974421620 7.847718716
0.974489510 0.026084960 0.222912133 4.083297253 -0.030248230 0.999425709 0.015282306 -0.222980395 -0.222385436 -0.021635141 0.974718750 7.905124187
