0.999730051 -0.004294946 0.022829907 0.000941698 0.004309368 0.999990523 -0.000582500 -0.000237952 -0.022827188 0.000680725 0.999739170 0.035028528
0.999013722 -0.010158257 0.043225590 0.002571253 0.010187113 0.999948025 -0.000447354 -0.000350469 -0.043218806 0.000887257 0.999065220 0.069997206
0.998030722 -0.014519107 0.061024021 0.004939082 0.014519735 0.999894500 0.000433154 -0.000641900 -0.061023872 0.000453751 0.998136222 0.105755791
0.996930122 -0.017913099 0.076221712 0.008314718 0.017926792 0.999839187 0.000504692 -0.000873883 -0.076218501 0.000863268 0.997090757 0.141720042
0.995656908 -0.020365540 0.090843834 0.011554411 0.020311859 0.999792516 0.001515498 -0.001103040 -0.090855867 0.000336291 0.995863974 0.178052142
0.994358599 -0.020405464 0.104088634 0.015361953 0.020221015 0.999791503 0.002827094 -0.001205785 -0.104124621 -0.000706367 0.994563997 0.214283153
0.993016720 -0.020367324 0.116202146 0.019699454 0.020183830 0.999792516 0.002755658 -0.001506660 -0.116234161 -0.000391010 0.993221700 0.250789255
0.991679549 -0.020443743 0.127096772 0.024886286 0.020648563 0.999786794 -0.000294073 -0.001507941 -0.127063662 0.002915991 0.991890252 0.289222836
0.990264237 -0.020539492 0.137676731 0.029475877 0.021152759 0.999771774 -0.002992629 -0.002041587 -0.137583852 0.005875736 0.990472674 0.325140744
0.988798499 -0.021320445 0.147726357 0.034357078 0.022344807 0.999736369 -0.005277902 -0.002317970 -0.147574902 0.008519699 0.989014149 0.364413619
0.987750769 -0.020977329 0.154622748 0.041370135 0.022204155 0.999734104 -0.006211381 -0.002510072 -0.154451355 0.009568566 0.987954080 0.402532190
0.986801982 -0.020153521 0.160672009 0.047610901 0.021567276 0.999742508 -0.007059747 -0.002767156 -0.160488352 0.010431833 0.986982644 0.443451583
0.985985041 -0.021506080 0.165441543 0.054354951 0.023211688 0.999695420 -0.008382703 -0.003222879 -0.165210888 0.012105398 0.986183941 0.482182324
0.985230207 -0.019785861 0.170088187 0.061332960 0.021841774 0.999709189 -0.010224499 -0.003601337 -0.169836432 0.013788513 0.985375822 0.524022162
0.984481454 -0.020288084 0.174311653 0.068614833 0.022532357 0.999686718 -0.010905551 -0.004176846 -0.174035788 0.014663965 0.984630167 0.566823244
0.983980238 -0.019958166 0.177156478 0.075572692 0.022079514 0.999706089 -0.010010958 -0.004568656 -0.176904619 0.013762116 0.984131753 0.606026292
0.983802080 -0.021359855 0.177980974 0.085770518 0.023142748 0.999700606 -0.007947045 -0.005250952 -0.177757934 0.011937289 0.984001815 0.651598036
0.983121455 -0.020971892 0.181748748 0.091443583 0.022533398 0.999724746 -0.006530672 -0.005895721 -0.181561798 0.010515859 0.983323336 0.692808628
0.982637823 -0.023505077 0.184039265 0.099660635 0.025276847 0.999653935 -0.007286730 -0.006011332 -0.183804274 0.011812149 0.982891917 0.738578439
0.982486725 -0.023592278 0.184833452 0.108069554 0.025354756 0.999652803 -0.007177396 -0.006503890 -0.184599921 0.011738103 0.982743680 0.784559011
0.982293308 -0.025639594 0.185586393 0.116410382 0.027645176 0.999583960 -0.008226597 -0.006845066 -0.185298249 0.013211498 0.982593477 0.826811731
0.982378423 -0.025585681 0.185142592 0.125798494 0.027661564 0.999580085 -0.008637615 -0.007307597 -0.184843823 0.013606739 0.982673764 0.873542726
0.982490838 -0.025053887 0.184618622 0.134732768 0.027408164 0.999572158 -0.010210759 -0.007876235 -0.184283823 0.015092034 0.982757211 0.920904756
0.982656538 -0.025523253 0.183670044 0.143457234 0.027828887 0.999562800 -0.009986092 -0.008427452 -0.183334842 0.014924233 0.982937217 0.967321932
0.983013451 -0.024670700 0.181868210 0.152431354 0.026710857 0.999604702 -0.008776577 -0.009311670 -0.181579813 0.013485348 0.983283758 1.014684439
0.983096540 -0.025716579 0.181272849 0.160732016 0.027967189 0.999560118 -0.009870102 -0.009544934 -0.180939272 0.014772954 0.983383298 1.063087583
0.983285129 -0.025972947 0.180209965 0.169704124 0.028372945 0.999539554 -0.010752503 -0.010085104 -0.179847687 0.015685864 0.983569384 1.112525702
0.983415008 -0.026346035 0.179445967 0.179384381 0.028808787 0.999522984 -0.011131645 -0.010961321 -0.179067075 0.016116647 0.983704805 1.164777875
0.983567178 -0.026523564 0.178583711 0.188259497 0.028998790 0.999516010 -0.011263807 -0.011545057 -0.178198516 0.016257424 0.983860254 1.214134336
0.983705163 -0.026929198 0.177760720 0.197818428 0.029060930 0.999533474 -0.009398906 -0.011919939 -0.177424669 0.014411646 0.984028876 1.266850591
0.983698130 -0.029924393 0.177320004 0.205910951 0.031727515 0.999469697 -0.007341383 -0.012634189 -0.177006274 0.012847628 0.984125793 1.316704392
0.983761787 -0.031601194 0.176675156 0.215715542 0.033600315 0.999400616 -0.008334252 -0.013603367 -0.176305890 0.014135260 0.984233916 1.368489385
0.983710766 -0.033832200 0.176546037 0.223824829 0.036168415 0.999295413 -0.010030807 -0.014198466 -0.176082283 0.016252805 0.984241188 1.420661688
0.984060168 -0.033180993 0.174713045 0.236075208 0.035399649 0.999327183 -0.009596966 -0.016233588 -0.174277037 0.015628772 0.984572649 1.477364302
0.984176397 -0.034257766 0.173848137 0.244884387 0.036375567 0.999297619 -0.009009436 -0.016874259 -0.173417389 0.015190698 0.984731317 1.527113795
0.984064996 -0.033627883 0.174600393 0.252787918 0.035583023 0.999334097 -0.008078579 -0.017556179 -0.174212441 0.014162658 0.984606147 1.579928517
0.984017789 -0.034211442 0.174752802 0.262994081 0.036325697 0.999300241 -0.008913373 -0.017214708 -0.174325541 0.015118934 0.984571993 1.635405183
0.983667970 -0.035235249 0.176510572 0.269679099 0.037222646 0.999275327 -0.007959889 -0.018702533 -0.176102191 0.014400078 0.984266520 1.691460133
0.983834803 -0.035754401 0.175472915 0.281066030 0.037927501 0.999239445 -0.009045152 -0.019495692 -0.175016046 0.015554186 0.984442711 1.744400740
0.983837128 -0.036822755 0.175238743 0.291989535 0.039053101 0.999193966 -0.009294877 -0.021281634 -0.174755216 0.015988264 0.984482110 1.801164508
0.983692527 -0.036871538 0.176038638 0.302869231 0.039160535 0.999187350 -0.009545348 -0.022896128 -0.175543621 0.016283454 0.984337032 1.858609796
0.983549595 -0.032687765 0.177656099 0.312398493 0.035261743 0.999313653 -0.011349705 -0.021600416 -0.177163154 0.017427463 0.984027147 1.912795544
0.983395398 -0.033481292 0.178360686 0.322963089 0.035806879 0.999310315 -0.009834669 -0.023505967 -0.177908391 0.016057909 0.983916044 1.970919728
0.983065486 -0.032786790 0.180298090 0.330834478 0.035110429 0.999336243 -0.009710686 -0.023915580 -0.179860011 0.015876584 0.983564079 2.026689291
0.983054340 -0.029754514 0.180883154 0.341604441 0.032001145 0.999442577 -0.009514079 -0.024385436 -0.180499241 0.015141325 0.983458579 2.083588362
0.982685328 -0.029523050 0.182915241 0.352227956 0.031969644 0.999434292 -0.010440624 -0.025405454 -0.182503507 0.016107582 0.983073235 2.140876770
0.982291937 -0.028403189 0.185191199 0.363475025 0.031008773 0.999456525 -0.011187965 -0.026469283 -0.184772775 0.016732398 0.982638896 2.198592901
0.981491745 -0.028842237 0.189320162 0.374742717 0.031673066 0.999426901 -0.011943496 -0.027596666 -0.188867167 0.017718794 0.981842756 2.259857893
0.980481505 -0.026846478 0.194769785 0.385035455 0.029701037 0.999489725 -0.011749966 -0.027914485 -0.194354966 0.017305490 0.980778575 2.318479538
0.979857922 -0.026215883 0.197967291 0.398664266 0.028829323 0.999530911 -0.010330275 -0.029833764 -0.197603643 0.015829466 0.980154157 2.378927231
0.978684485 -0.024071297 0.203953862 0.409115016 0.026868695 0.999578834 -0.010957466 -0.030741263 -0.203604221 0.016203875 0.978919148 2.437291384
0.978018165 -0.022483489 0.207303703 0.423112035 0.026031477 0.999557316 -0.014402663 -0.030480463 -0.206888139 0.019482488 0.978170574 2.497230768
0.977033257 -0.024531711 0.211670026 0.436565846 0.027997669 0.999518275 -0.013392359 -0.034266513 -0.211239487 0.019011045 0.977249444 2.560202599
0.976053417 -0.022626843 0.216351196 0.449594468 0.026493698 0.999536514 -0.014989059 -0.034463841 -0.215911791 0.020362062 0.976200581 2.619520664
0.974988937 -0.021898368 0.221171990 0.463477939 0.025501812 0.999584317 -0.013449821 -0.036729001 -0.220785499 0.018753711 0.975142002 2.682526112
0.973954678 -0.020093620 0.225850865 0.477319270 0.023629760 0.999636829 -0.012964287 -0.037961256 -0.225508302 0.017963428 0.974075556 2.742613554
0.972427368 -0.019672090 0.232374713 0.491387218 0.023245703 0.999649763 -0.012650081 -0.038816396 -0.232044443 0.017702997 0.972544193 2.805800676
0.971152961 -0.019931544 0.237622544 0.506038785 0.023529878 0.999647260 -0.012316164 -0.039795201 -0.237293258 0.017552109 0.971279442 2.867425442
0.969641685 -0.019722128 0.243733302 0.520348132 0.023824824 0.999619544 -0.013896014 -0.040964719 -0.243366525 0.019281056 0.969742715 2.929026365
0.968290091 -0.018778779 0.249121845 0.535681248 0.023328884 0.999610305 -0.015324478 -0.041764650 -0.248736992 0.020650269 0.968350887 2.990722895
0.966564059 -0.019583296 0.255676419 0.551745117 0.024160057 0.999598980 -0.014771809 -0.043331720 -0.255284667 0.020455059 0.966649532 3.053833485
0.965038598 -0.018694002 0.261440367 0.567996502 0.023453845 0.999610960 -0.015097663 -0.044471029 -0.261056393 0.020701610 0.965101540 3.116559744
0.963317156 -0.018377362 0.267735690 0.583360791 0.023065835 0.999630630 -0.014376647 -0.046937171 -0.267372608 0.020024817 0.963385165 3.178604364
0.962243319 -0.015664518 0.271739274 0.602644324 0.020936370 0.999644458 -0.016511904 -0.046940085 -0.271384031 0.021577708 0.962229192 3.243183851
0.960898340 -0.016936356 0.276382953 0.621037662 0.022270598 0.999621153 -0.016172646 -0.047965933 -0.276004404 0.021695483 0.960911453 3.307291508
0.960773587 -0.019223779 0.276666820 0.644286156 0.024806181 0.999552846 -0.016691351 -0.048715107 -0.276222229 0.022899657 0.960820973 3.371034384
0.958677530 -0.020457223 0.283758551 0.658461154 0.025906863 0.999544740 -0.015465324 -0.051096179 -0.283312917 0.022177553 0.958771050 3.434518576
0.960092902 -0.020949731 0.278895319 0.683215380 0.027223799 0.999455571 -0.018641589 -0.051364467 -0.278352946 0.025490254 0.960140526 3.495270014
0.956797481 -0.019906376 0.290072918 0.696646392 0.025591217 0.999547362 -0.015817583 -0.054252684 -0.289626747 0.022557540 0.956873834 3.561888456
0.955803335 -0.018443981 0.293427646 0.716057479 0.024460299 0.999558866 -0.016847033 -0.055716578 -0.292987466 0.023279781 0.955832839 3.625309944
0.954562426 -0.017329911 0.297506481 0.735657692 0.023531675 0.999573767 -0.017276712 -0.057499487 -0.297080308 0.023492528 0.954563379 3.689370632
0.953146636 -0.017113578 0.302024215 0.755478084 0.023327047 0.999583721 -0.016977606 -0.059117395 -0.301607937 0.023227481 0.953149080 3.753559828
0.951764524 -0.017513091 0.306329131 0.775656402 0.023954423 0.999563694 -0.017280500 -0.060756635 -0.305892736 0.023784908 0.951768816 3.817160845
0.950388193 -0.016917707 0.310606033 0.796688259 0.023536466 0.999568522 -0.017573282 -0.062655538 -0.310174704 0.024012007 0.950376213 3.881709576
0.948870957 -0.016257320 0.315245301 0.817544639 0.022903793 0.999586403 -0.017390098 -0.064732648 -0.314832211 0.023721274 0.948850811 3.945915937
0.947594941 -0.016029190 0.319072038 0.839085937 0.022569060 0.999603987 -0.016809631 -0.066377670 -0.318676233 0.023129879 0.947581410 4.009872913
0.946142673 -0.017206961 0.323292464 0.860263765 0.023812972 0.999580443 -0.016488867 -0.068105102 -0.322873086 0.023299370 0.946155429 4.074452877
0.944886446 -0.018050227 0.326900542 0.881929219 0.025042824 0.999538541 -0.017193995 -0.069144316 -0.326439321 0.024432885 0.944902301 4.138470173
0.943320334 -0.017895797 0.331400812 0.904406786 0.025106208 0.999531806 -0.017488739 -0.071835048 -0.330932647 0.024817705 0.943327963 4.204129696
0.942172289 -0.017282931 0.334683090 0.927289963 0.024982590 0.999512672 -0.018714406 -0.073907055 -0.334196538 0.025993450 0.942144871 4.269314289
0.940810561 -0.017708408 0.338470012 0.950347662 0.026099483 0.999454141 -0.020255631 -0.075083368 -0.337926567 0.027890602 0.940759063 4.334567070
0.939764142 -0.017607270 0.341369987 0.973536730 0.026157280 0.999448419 -0.020459060 -0.077722162 -0.340821534 0.028156001 0.939706266 4.398790359
0.938429177 -0.017149022 0.345045805 0.996904194 0.025826477 0.999454796 -0.020567253 -0.079013482 -0.344504982 0.028212223 0.938360453 4.464221954
0.936894834 -0.016573265 0.349218309 1.021006346 0.025339419 0.999467731 -0.020548543 -0.080799885 -0.348691851 0.028100811 0.936816037 4.530179977
0.935557187 -0.018872719 0.352670550 1.044934750 0.028077943 0.999385059 -0.021003760 -0.082585908 -0.352057248 0.029552486 0.935511768 4.594400406
0.934598982 -0.021333152 0.355062842 1.070340037 0.030601041 0.999321342 -0.020506309 -0.084638819 -0.354384363 0.030030467 0.934617519 4.660071373
0.933208644 -0.021868788 0.358668894 1.094844818 0.030881595 0.999334514 -0.019418305 -0.086627625 -0.358005494 0.029197598 0.933262885 4.726109028
0.932250798 -0.021756785 0.361157954 1.119274855 0.030659510 0.999350429 -0.018938253 -0.088459946 -0.360511303 0.028728126 0.932312369 4.791311264
0.931155205 -0.020006862 0.364073634 1.144682884 0.029309483 0.999369502 -0.020043842 -0.090007797 -0.363443047 0.029334743 0.931154430 4.856066227
0.929986000 -0.017878847 0.367159933 1.170785308 0.028099829 0.999351621 -0.022511145 -0.091624357 -0.366519392 0.031252183 0.929885387 4.923720360
0.928726315 -0.017361045 0.370359391 1.195565820 0.028207455 0.999316573 -0.023889838 -0.094205797 -0.369691491 0.032634016 0.928581238 4.987174511
0.927712321 -0.015823901 0.372960359 1.221624136 0.027039997 0.999325097 -0.024860859 -0.096583515 -0.372315228 0.033148568 0.927514195 5.052181244
0.926246822 -0.014216459 0.376649171 1.247657657 0.025952807 0.999322236 -0.026103554 -0.099015594 -0.376022726 0.033953443 0.925988138 5.118766308
0.924489558 -0.015061676 0.380909562 1.273812413 0.026924286 0.999303639 -0.025833001 -0.101585530 -0.380255163 0.034138065 0.924251318 5.185997486
0.922548711 -0.014024210 0.385625601 1.297348022 0.025738796 0.999350309 -0.025232237 -0.103111237 -0.385021150 0.033203512 0.922310233 5.251513958
0.921725988 -0.015393928 0.387536198 1.329248667 0.026901843 0.999342978 -0.024287570 -0.106406212 -0.386907637 0.032811925 0.921534479 5.317275047
0.920015872 -0.014663055 0.391606778 1.356239080 0.026128646 0.999371171 -0.023965193 -0.109008782 -0.391009122 0.032280516 0.919820547 5.383169174
0.918296278 -0.014700074 0.395620793 1.382251978 0.026548307 0.999347508 -0.024489945 -0.110441007 -0.395002633 0.032992091 0.918087304 5.448549271
0.916927695 -0.013900962 0.398811162 1.412285089 0.026066884 0.999345064 -0.025098575 -0.113936268 -0.398201048 0.033409342 0.916689575 5.515655041
0.915859759 -0.013444130 0.401273310 1.441333652 0.025750637 0.999348462 -0.025290998 -0.116792008 -0.400671780 0.033496045 0.915609181 5.579776287
0.914210618 -0.014913171 0.404964954 1.467620969 0.027618224 0.999291956 -0.025548538 -0.119378142 -0.404297203 0.034541152 0.913975239 5.645675659
0.913003981 -0.015914375 0.407640070 1.499757767 0.028570857 0.999279618 -0.024978889 -0.122286536 -0.406948924 0.034452453 0.912800908 5.717534542
0.911893964 -0.017772913 0.410040915 1.528285146 0.030320730 0.999249220 -0.024118867 -0.123942852 -0.409304410 0.034426589 0.911748171 5.781872272
0.910274982 -0.018561061 0.413587809 1.556113601 0.031266391 0.999223590 -0.023971610 -0.127016991 -0.412821770 0.034752153 0.910148561 5.849192619
0.909526587 -0.018277317 0.415243685 1.589705348 0.031548660 0.999186456 -0.025122356 -0.129118934 -0.414446682 0.035949834 0.909363270 5.918407917
0.908286095 -0.017936904 0.417964935 1.619524598 0.031706300 0.999158502 -0.026022723 -0.131012335 -0.417146385 0.036888201 0.908090413 5.984154224
0.907061338 -0.017279778 0.420643866 1.647669315 0.031703960 0.999123752 -0.027321916 -0.133123100 -0.419803172 0.038118728 0.906814337 6.046935558
0.905877233 -0.016581286 0.423215687 1.680343986 0.031605113 0.999093831 -0.028505778 -0.136233985 -0.422359526 0.039198518 0.905580461 6.114996910
0.904559731 -0.013443314 0.426134884 1.711490512 0.028537428 0.999170363 -0.029055692 -0.138716131 -0.425390810 0.038443405 0.904192805 6.184207439
0.903050542 -0.014393182 0.429293126 1.741045475 0.029908635 0.999119699 -0.029416956 -0.142056838 -0.428491831 0.039404567 0.902686000 6.246953964
0.901121020 -0.016020894 0.433271468 1.768219590 0.031727523 0.999074399 -0.029044773 -0.142499879 -0.432405204 0.039919484 0.900795221 6.316656113
0.900715649 -0.016998628 0.434076488 1.806683898 0.032065287 0.999109864 -0.027410384 -0.146927238 -0.433224112 0.038607746 0.900458932 6.384555340
0.899062395 -0.015610031 0.437542200 1.836762190 0.030681906 0.999153614 -0.027398789 -0.149632797 -0.436744153 0.038057841 0.898780406 6.450846672
0.897948861 -0.013981646 0.439877719 1.868095756 0.029263480 0.999180138 -0.027978061 -0.152175039 -0.439125896 0.037995216 0.897621751 6.513924122
0.896076858 -0.013065168 0.443706572 1.901957273 0.028312905 0.999213696 -0.027756287 -0.155321687 -0.442995042 0.037434381 0.895742178 6.584019661
0.894284666 -0.012540102 0.447322756 1.932758093 0.027549691 0.999254048 -0.027064396 -0.158339083 -0.446649671 0.036526877 0.893963039 6.648715973
0.892497182 -0.011740393 0.450900108 1.964433908 0.027438605 0.999222994 -0.028293643 -0.160062432 -0.450217605 0.037624065 0.892125785 6.714373589
0.890822649 -0.011209353 0.454212874 1.999867916 0.026587572 0.999268591 -0.027484147 -0.163554877 -0.453572631 0.036559917 0.890469134 6.782401562
0.888730407 -0.010843100 0.458301961 2.032708406 0.025921648 0.999309421 -0.026623813 -0.167127132 -0.457696825 0.035541337 0.888397753 6.848643303
0.886071086 -0.010575299 0.463428706 2.062769651 0.026086140 0.999293089 -0.027072880 -0.169811368 -0.462814778 0.036077563 0.885720551 6.915294170
0.884670317 -0.010339849 0.466102451 2.099392891 0.026767151 0.999231398 -0.028637923 -0.171341166 -0.465448052 0.037811358 0.884267151 6.981686592
0.882638991 -0.010750861 0.469928682 2.131836891 0.027193077 0.999231935 -0.028215053 -0.175087810 -0.469264388 0.037682515 0.882253349 7.047006130
0.881658077 -0.011253976 0.471754670 2.170677423 0.027387895 0.999250650 -0.027347285 -0.180126071 -0.471093446 0.037031323 0.881305635 7.110074043
0.879421413 -0.009189847 0.475955397 2.205065727 0.026634630 0.999197483 -0.029920012 -0.179645777 -0.475298434 0.038989205 0.878960311 7.179142475
0.876886249 -0.009889029 0.480596244 2.237291098 0.027849739 0.999154150 -0.030254904 -0.181295916 -0.479890525 0.039914586 0.876419961 7.245781898
0.874073803 -0.010003537 0.485690266 2.267345190 0.028164599 0.999149859 -0.030107476 -0.185321793 -0.484976113 0.039995424 0.873612404 7.312473297
0.872269452 -0.012090263 0.488876075 2.302407503 0.030810690 0.999066830 -0.030265827 -0.188545257 -0.488054007 0.041462567 0.871828079 7.377181530
0.869179785 -0.015187582 0.494262934 2.331584930 0.034937415 0.998916388 -0.030744312 -0.194125801 -0.493260443 0.043990605 0.868768692 7.444279671
0.869107842 -0.013487659 0.494438648 2.376448393 0.034142144 0.998879611 -0.032765757 -0.192209080 -0.493442804 0.045358177 0.868594825 7.509169102
0.866836548 -0.015272757 0.498358428 2.411958933 0.036635544 0.998779893 -0.033114541 -0.196960837 -0.497244626 0.046962537 0.866338432 7.575340748
0.864844918 -0.014805777 0.501820862 2.446852446 0.037485264 0.998679221 -0.035137475 -0.199585095 -0.500637770 0.049199354 0.864257634 7.642362118
0.863878787 -0.016684186 0.503423333 2.487678051 0.039644778 0.998602927 -0.034935620 -0.203277156 -0.502137125 0.050138250 0.863333285 7.705494881
0.861925125 -0.017104747 0.506747007 2.524240971 0.040874846 0.998521984 -0.035819825 -0.206446409 -0.505385399 0.051587213 0.861350298 7.771062374
0.859102964 -0.016375247 0.511540830 2.559909582 0.040201563 0.998558939 -0.035550699 -0.210413441 -0.510221541 0.051106442 0.858523250 7.839324951
0.858332455 -0.016520472 0.512827933 2.602784634 0.041329280 0.998459935 -0.037008956 -0.212815940 -0.511426747 0.052960806 0.857693315 7.902483940
0.857190430 -0.014235173 0.514802814 2.643662453 0.039846960 0.998454630 -0.038739607 -0.213721514 -0.513455749 0.053720560 0.856432974 7.967566967
0.854601622 -0.014251682 0.519088626 2.679959774 0.039613541 0.998499691 -0.037803758 -0.219903931 -0.517770946 0.052870095 0.853884041 8.034599304
0.852985263 -0.016319823 0.521679819 2.719589472 0.042411160 0.998373032 -0.038113091 -0.223157793 -0.520209074 0.054634955 0.852289557 8.102316856
0.851673722 -0.017845284 0.523768485 2.760207415 0.043292385 0.998399854 -0.036379151 -0.226803765 -0.522281229 0.053658362 0.851083517 8.167390823
0.851287305 -0.019391324 0.524341464 2.804720879 0.044802543 0.998353601 -0.035817206 -0.230817005 -0.522783637 0.053982567 0.850754499 8.235075951
0.849246800 -0.019258514 0.527644634 2.842636585 0.044660214 0.998373330 -0.035441194 -0.233875319 -0.526103735 0.053663041 0.848725498 8.301523209
0.847701311 -0.022951767 0.529977024 2.881158829 0.047845855 0.998299539 -0.033296268 -0.240020141 -0.528311551 0.053582489 0.847358108 8.368515015
0.845834255 -0.020975541 0.533033192 2.923906803 0.046144273 0.998358190 -0.033936545 -0.240395457 -0.531446218 0.053301126 0.845413387 8.436261177
0.844240010 -0.021942280 0.535515904 2.964270353 0.047263224 0.998317063 -0.033605259 -0.243413299 -0.533877313 0.053681105 0.843856215 8.503492355
0.843561232 -0.020930285 0.536624968 3.009852648 0.046846423 0.998299062 -0.034704216 -0.246997923 -0.534985840 0.054414093 0.843106925 8.571276665
0.842091799 -0.019045930 0.538997948 3.052666903 0.046977405 0.998168230 -0.038123045 -0.249665990 -0.537284553 0.057423830 0.841443956 8.640094757
0.840110362 -0.018002158 0.542116582 3.095437527 0.045811176 0.998233140 -0.037844438 -0.253492653 -0.540477335 0.056628514 0.839450657 8.707377434
0.837725878 -0.017006205 0.545826077 3.141101122 0.044111468 0.998356104 -0.036596034 -0.257595927 -0.544306397 0.054734632 0.837098956 8.777055740
0.833911061 -0.015829463 0.551671863 3.182141781 0.041718382 0.998536706 -0.034410175 -0.260733873 -0.550319791 0.051709890 0.833351195 8.844611168
0.830540955 -0.015773525 0.556734204 3.225752592 0.041160081 0.998603821 -0.033110283 -0.264022470 -0.555434644 0.050414670 0.830030560 8.912825584
0.827942252 -0.016723283 0.560563862 3.273229837 0.042602729 0.998542488 -0.033133946 -0.267877996 -0.559192657 0.051314548 0.827448070 8.982468605
0.824167490 -0.018618347 0.566040039 3.316784143 0.045668978 0.998389542 -0.033655796 -0.270391583 -0.564501762 0.053588480 0.823690474 9.052236557
0.822492957 -0.017526539 0.568505228 3.366061211 0.044835564 0.998412609 -0.034086265 -0.273684114 -0.567005277 0.053524964 0.821973145 9.120084763
0.820194125 -0.018748397 0.571778059 3.412379742 0.046300679 0.998359561 -0.033680730 -0.276852965 -0.570208609 0.054098450 0.819716692 9.189176559
0.816849947 -0.018843334 0.576542318 3.460224152 0.044875316 0.998513222 -0.030944973 -0.280726165 -0.575102031 0.051149935 0.816481054 9.256687164
0.813227534 -0.022561137 0.581508219 3.499182701 0.048471548 0.998402059 -0.029050875 -0.285608500 -0.579923570 0.051811595 0.813021660 9.321763039
0.812001228 -0.016604315 0.583419502 3.556419134 0.041962776 0.998669267 -0.029981183 -0.287000448 -0.582145274 0.048826657 0.811617434 9.392477036
0.809244871 -0.017794710 0.587202013 3.603883505 0.042941965 0.998659074 -0.028916320 -0.290163755 -0.585899949 0.048615996 0.808923841 9.459470749
0.806409538 -0.019353762 0.591040671 3.655866146 0.044606008 0.998607695 -0.028160315 -0.294414788 -0.589672565 0.049072698 0.806150079 9.530191422
0.803599000 -0.020301308 0.594824791 3.706512213 0.045453776 0.998592615 -0.027325477 -0.297380239 -0.593432903 0.048995748 0.803390801 9.598932266
0.801061988 -0.019497674 0.598263800 3.757426500 0.044213261 0.998666525 -0.026653603 -0.300820261 -0.596946299 0.047802389 0.800855815 9.668435097
0.798869908 -0.019930124 0.601173520 3.809199095 0.044284806 0.998687327 -0.025739396 -0.303829134 -0.599871278 0.047185268 0.798703969 9.737638474
0.797928512 -0.021289987 0.602375925 3.862860918 0.045519575 0.998650610 -0.025001183 -0.307223231 -0.601030767 0.047369048 0.797820926 9.807028770
0.795953274 -0.020226508 0.605020046 3.915460110 0.044041272 0.998727977 -0.024551276 -0.310716033 -0.603753924 0.046187524 0.795831621 9.875831604
0.794581234 -0.016284328 0.606939375 3.969788551 0.040209774 0.998857021 -0.025841486 -0.313885242 -0.605824888 0.044938054 0.794327855 9.946148872
0.793887794 -0.011682914 0.607951939 4.026360512 0.036812138 0.998904943 -0.028874956 -0.316452891 -0.606948972 0.045303494 0.793448567 10.019563675
0.790748477 -0.011891553 0.612025797 4.076842785 0.035124887 0.999045432 -0.025970727 -0.319832742 -0.611132622 0.042033654 0.790411294 10.086404800
0.788864195 -0.013686518 0.614415169 4.130697250 0.036609169 0.999023139 -0.024749579 -0.322443247 -0.613476217 0.042017285 0.788594604 10.155044556
0.787372589 -0.012661995 0.616347432 4.183766842 0.036053255 0.999023616 -0.025533836 -0.325332224 -0.615422308 0.042325970 0.787060320 10.223361015
0.785759985 -0.012340471 0.618408442 4.238083839 0.035747096 0.999035895 -0.025484892 -0.328493893 -0.617497623 0.042131305 0.785443544 10.291700363
0.783788204 -0.011494009 0.620921850 4.291206360 0.032758534 0.999201953 -0.022854598 -0.331604928 -0.620163620 0.038253654 0.783539236 10.358832359
0.783493817 -0.012307663 0.621277630 4.348277569 0.032409556 0.999252439 -0.021076284 -0.334407955 -0.620553732 0.036648471 0.783307016 10.429705620
0.781002522 -0.011205480 0.624427438 4.397117138 0.031247344 0.999287903 -0.021150177 -0.336021453 -0.623745739 0.036030039 0.780796409 10.490537643
0.778975666 -0.014174806 0.626893938 4.444625378 0.034339212 0.999208570 -0.020076476 -0.339208096 -0.626113236 0.037166130 0.778845906 10.546653748
0.775043190 -0.012096452 0.631792426 4.484203339 0.032525424 0.999255121 -0.020768154 -0.337944388 -0.631070614 0.036645532 0.774859309 10.586111069
0.774310291 -0.012360396 0.632685363 4.526781082 0.030694366 0.999365985 -0.018041205 -0.338560879 -0.632061124 0.033389367 0.774198771 10.621239662
0.775560260 -0.009125415 0.631207645 4.566494942 0.029730471 0.999314010 -0.022082465 -0.335078657 -0.630573034 0.035892371 0.775299489 10.637550354
0.777798653 0.002741904 0.628507555 4.619753361 0.016753936 0.999544680 -0.025094120 -0.331448525 -0.628290176 0.030048152 0.777398586 10.662322998
0.778462827 0.017746381 0.627439857 4.669338226 0.005698529 0.999359250 -0.035335820 -0.327419251 -0.627664864 0.031083111 0.777862906 10.684069633
0.782056034 0.013825441 0.623054922 4.724627972 0.016876625 0.998917401 -0.043349206 -0.322666287 -0.622979760 0.044416565 0.780975938 10.703627586
0.788766086 0.007732033 0.614644825 4.785266876 0.020936834 0.999002635 -0.039435111 -0.319591552 -0.614336789 0.043973792 0.787817597 10.717935562
0.792102516 0.005645285 0.610361993 4.848181248 0.018123856 0.999298811 -0.032762982 -0.310981750 -0.610118985 0.037013743 0.791444778 10.739066124
0.792035282 0.005072027 0.610454261 4.891271591 0.011640001 0.999658167 -0.023408119 -0.313327789 -0.610364258 0.025645740 0.791705549 10.763960838
0.793400645 0.008368945 0.608642161 4.936262131 0.005486097 0.999766529 -0.020898424 -0.312779754 -0.608674943 0.019919898 0.793169558 10.787418365
0.793848515 0.010997986 0.608016014 4.972525597 0.003395028 0.999740720 -0.022516303 -0.308942050 -0.608105958 0.019938767 0.793605447 10.808114052
0.794026315 0.006639843 0.607847095 5.013188362 0.010053261 0.999660134 -0.024052335 -0.311397523 -0.607800245 0.025209034 0.793689728 10.839289665
0.789325118 0.006117653 0.613944948 5.023699284 0.014089167 0.999506593 -0.028073477 -0.312991053 -0.613813698 0.030809077 0.788849473 10.874060631
0.784267128 0.008558290 0.620364249 5.035396099 0.013884399 0.999412298 -0.031340208 -0.315672070 -0.620267928 0.033192471 0.783687413 10.913723946
0.779127181 0.009324478 0.626796424 5.043543339 0.013074630 0.999430239 -0.031120094 -0.317157030 -0.626729429 0.032441646 0.778561234 10.941434860
0.773097217 0.006799019 0.634250998 5.050201893 0.015251652 0.999454141 -0.029304365 -0.318323106 -0.634104013 0.032328494 0.772571623 10.964791298
0.767981648 0.005916296 0.640444398 5.057211399 0.015140809 0.999510288 -0.027389202 -0.319673330 -0.640292764 0.030731255 0.767515898 10.989437103
0.761758924 0.006096436 0.647831917 5.066558838 0.015952487 0.999476016 -0.028163467 -0.321001351 -0.647664130 0.031788301 0.761262536 11.021579742
0.758450270 0.005408638 0.651708543 5.085506916 0.016690763 0.999476314 -0.027719328 -0.321419924 -0.651517153 0.031901240 0.757962823 11.047666550
0.755624354 0.005823557 0.654979348 5.109463215 0.016398983 0.999478817 -0.027805446 -0.323440045 -0.654799938 0.031751465 0.755135000 11.078210831
0.753075719 0.004755412 0.657916725 5.128444195 0.017021323 0.999498367 -0.026707593 -0.324016750 -0.657713711 0.031311449 0.752617002 11.103157997
0.749331713 0.003998182 0.662182689 5.142673016 0.016143231 0.999574304 -0.024303133 -0.324126154 -0.661997914 0.028900882 0.748948216 11.128808022
0.744106293 0.002916735 0.668054938 5.151737690 0.016529312 0.999603987 -0.022775292 -0.323500931 -0.667856753 0.027989730 0.743763328 11.149686813
0.737922370 0.007854867 0.674839735 5.161963940 0.010358340 0.999682665 -0.022962529 -0.322990716 -0.674805999 0.023934785 0.737606823 11.174896240
0.732572556 0.014670222 0.680530787 5.173264503 0.004232479 0.999650180 -0.026105633 -0.323369175 -0.680675805 0.022004602 0.732254207 11.191189766
0.728473365 0.021464916 0.684737682 5.189150333 -0.001683329 0.999562085 -0.029543074 -0.322056025 -0.685072005 0.020368703 0.728190482 11.213971138
0.724126041 0.020693166 0.689357162 5.204306126 -0.001373919 0.999591053 -0.028562574 -0.323444158 -0.689666271 0.019735783 0.723858356 11.233654022
0.717117190 0.025326453 0.696492314 5.209816456 -0.005978542 0.999526262 -0.030190060 -0.322732270 -0.696927011 0.017485801 0.716928899 11.248703957
0.710163891 0.031732872 0.703320920 5.212165833 -0.011287338 0.999368489 -0.033692971 -0.321891993 -0.703945875 0.015988914 0.710073650 11.260725021
0.704013348 0.032545377 0.709440768 5.217308521 -0.011076904 0.999331117 -0.034851842 -0.320645899 -0.710100353 0.016677754 0.703902960 11.279273987
0.696397424 0.032239482 0.716931880 5.221332073 -0.008060260 0.999278784 -0.037106849 -0.318464905 -0.717611074 0.020062456 0.696155012 11.295108795
0.690323412 0.027779218 0.722967327 5.225500584 -0.006297737 0.999455392 -0.032389596 -0.318577468 -0.723473549 0.017806238 0.690122485 11.311762810
0.684355557 0.021378299 0.728834987 5.228694916 -0.000318435 0.999578714 -0.029020797 -0.317083091 -0.729148448 0.019628456 0.684074104 11.325025558
0.682715893 0.012914627 0.730569839 5.238317013 0.003899291 0.999765158 -0.021317204 -0.321000129 -0.730673611 0.017402293 0.682505071 11.338499069
0.689768970 0.016847922 0.723833501 5.247022152 0.000815849 0.999710500 -0.024046678 -0.320609987 -0.724029064 0.017177191 0.689555526 11.340177536
0.689507067 0.025233135 0.723839223 5.253407955 -0.006324906 0.999564588 -0.028820045 -0.321499527 -0.724251270 0.015293409 0.689366460 11.348220825
0.690351427 0.030403495 0.722835124 5.258725166 -0.011410809 0.999449909 -0.031140303 -0.321059853 -0.723384261 0.013249619 0.690318525 11.353529930
0.692040563 0.031781506 0.721158683 5.265504837 -0.012701220 0.999411762 -0.031855755 -0.322296172 -0.721746922 0.012885876 0.692037046 11.361914635
0.692729533 0.029575791 0.720590711 5.273351192 -0.010916856 0.999474287 -0.030527474 -0.323275834 -0.721114755 0.013280700 0.692688286 11.372551918
0.693157852 0.028425079 0.720225096 5.279825211 -0.010363889 0.999511778 -0.029473275 -0.324454039 -0.720711291 0.012965296 0.693114102 11.381828308
0.694168985 0.032344390 0.719084978 5.286312580 -0.014084075 0.999408960 -0.031357281 -0.325484395 -0.719674230 0.011639605 0.694214344 11.390856743
0.691496193 0.035504259 0.721507072 5.293087482 -0.019892313 0.999348581 -0.030111520 -0.326895475 -0.722106159 0.006469554 0.691752076 11.402055740
0.690519691 0.042713013 0.722051322 5.298009396 -0.029126218 0.999087214 -0.031246811 -0.325505704 -0.722726882 0.000545912 0.691133499 11.409146309
0.690213859 0.048990767 0.721945167 5.298638821 -0.036364075 0.998793185 -0.033011731 -0.325749516 -0.722691178 -0.003467714 0.691162407 11.410197258
0.693158329 0.048643582 0.719142079 5.298639297 -0.035193317 0.998814166 -0.033639207 -0.325566649 -0.719925642 -0.001991698 0.694048285 11.406569481
0.695651770 0.045561243 0.716932952 5.298913002 -0.032946229 0.998960137 -0.031515859 -0.325693756 -0.717623293 -0.001696170 0.696429551 11.405124664
0.700205743 0.042964667 0.712647080 5.299345970 -0.030363083 0.999076486 -0.030400161 -0.324685276 -0.713295162 -0.000351797 0.700863719 11.400797844
0.700938523 0.044300884 0.711844504 5.302498817 -0.034911171 0.999003828 -0.027795631 -0.325547069 -0.712366819 -0.005368298 0.701786935 11.403286934
0.699790001 0.043494750 0.713023186 5.307520390 -0.031652015 0.999052346 -0.029878076 -0.325737685 -0.713647008 -0.001660242 0.700503528 11.411835670
0.699636221 0.047511738 0.712917864 5.311637402 -0.035926450 0.998863757 -0.031311210 -0.326199144 -0.713595450 -0.003706156 0.700548112 11.416650772
0.701239288 0.049054533 0.711236298 5.314373970 -0.036198437 0.998793006 -0.033197917 -0.326101124 -0.712006390 -0.002465957 0.702168643 11.417747498
0.701984227 0.045930725 0.710709810 5.317596436 -0.033203937 0.998943865 -0.031762004 -0.326270163 -0.711417973 -0.001301937 0.702767849 11.421161652
0.703533173 0.043611072 0.709323049 5.321456909 -0.031061310 0.999048471 -0.030616391 -0.326628387 -0.709983289 -0.000492858 0.704218328 11.425098419
0.704266727 0.043878183 0.708578229 5.324911118 -0.032200299 0.999035299 -0.029860154 -0.326963872 -0.709204912 -0.001786919 0.705000162 11.428542137
0.705103636 0.044597924 0.707700491 5.326113224 -0.033212520 0.999002099 -0.029864542 -0.326902062 -0.708326101 -0.002446917 0.705881119 11.430500031
0.705127060 0.042419221 0.707811117 5.327862740 -0.031088114 0.999098599 -0.028905898 -0.326952964 -0.708399177 -0.001622180 0.705810249 11.433005333
0.706099927 0.042884864 0.706812441 5.330886841 -0.032881979 0.999073386 -0.027768554 -0.327285081 -0.707348406 -0.003634020 0.706855774 11.435625076
0.707445741 0.044094410 0.705390811 5.333347797 -0.033251498 0.999023259 -0.029101176 -0.327438712 -0.705985010 -0.002867797 0.708220959 11.437732697
0.705984354 0.045041081 0.706793725 5.334908485 -0.032916047 0.998983979 -0.030782811 -0.327559978 -0.707462072 -0.001532676 0.706749618 11.440991402
0.704917729 0.043833010 0.707933366 5.336236477 -0.032292370 0.999036908 -0.029702425 -0.327768534 -0.708553612 -0.001923082 0.705654383 11.444080353
0.705556333 0.043740474 0.707302630 5.339622021 -0.032829411 0.999039173 -0.029033471 -0.327743381 -0.707893014 -0.002735577 0.706314325 11.447113037
0.706415236 0.044071190 0.706424296 5.342113972 -0.034793187 0.999015212 -0.027532110 -0.328198731 -0.706942022 -0.005129649 0.707252920 11.449036598
0.705446422 0.045742672 0.707285643 5.343747616 -0.036892124 0.998932183 -0.027808307 -0.328161746 -0.707802474 -0.006475998 0.706380725 11.451884270
0.706015766 0.045595031 0.706726849 5.346923351 -0.036512550 0.998941660 -0.027971677 -0.328272462 -0.707254291 -0.006055952 0.706933320 11.454405785
0.705269337 0.045818772 0.707457364 5.349099159 -0.036693081 0.998930991 -0.028116586 -0.328548163 -0.707989275 -0.006129028 0.706196547 11.457507133
0.705331385 0.044058394 0.707507253 5.352018833 -0.035299834 0.999011397 -0.027019877 -0.328719199 -0.707998276 -0.005916921 0.706189334 11.459746361
0.704787552 0.043569185 0.708079219 5.354856968 -0.035888918 0.999023974 -0.025749382 -0.328835815 -0.708510041 -0.007264358 0.705663383 11.462900162
0.704043269 0.043196898 0.708842099 5.357079029 -0.035445236 0.999041736 -0.025676407 -0.328927279 -0.709272027 -0.007047779 0.704899669 11.465723038
0.703277469 0.044585362 0.709516048 5.358878613 -0.037157733 0.998972595 -0.025943533 -0.329018056 -0.709943771 -0.008118507 0.704211593 11.468158722
0.703229725 0.045386493 0.709512532 5.361205578 -0.037576087 0.998938262 -0.026657278 -0.329256266 -0.709968984 -0.007914514 0.704188406 11.470292091
0.703210533 0.044174243 0.709608138 5.363919258 -0.036028456 0.998999774 -0.026485698 -0.329598814 -0.710068226 -0.006941062 0.704098642 11.473335266
0.703531265 0.044110950 0.709294021 5.366306782 -0.036651779 0.998995721 -0.025773475 -0.329695076 -0.709718525 -0.007864442 0.704441428 11.476009369
0.703661442 0.045395512 0.709083796 5.368659973 -0.037046988 0.998943686 -0.027188629 -0.329662025 -0.709568918 -0.007137824 0.704599857 11.478651047
0.703371346 0.045516528 0.709363699 5.371101379 -0.037437685 0.998934805 -0.026975511 -0.330104023 -0.709835887 -0.007583136 0.704326153 11.480805397
0.702791870 0.045508634 0.709938407 5.373525143 -0.037920058 0.998929560 -0.026495265 -0.330201477 -0.710384071 -0.008300245 0.703765273 11.483666420
0.702800989 0.044632588 0.709985018 5.375760078 -0.037972964 0.998960674 -0.025210069 -0.330275148 -0.710372329 -0.009242572 0.703765452 11.486395836
0.703059077 0.042913601 0.709835470 5.378335476 -0.037091974 0.999031782 -0.023659293 -0.330420166 -0.710163414 -0.009695319 0.703970015 11.489123344
0.703509092 0.043982577 0.709324002 5.380942345 -0.038105495 0.998981774 -0.024150085 -0.330940247 -0.709663987 -0.010039342 0.704468787 11.491701126
0.704566777 0.042539552 0.708361566 5.383969307 -0.036002617 0.999058902 -0.024187189 -0.330988139 -0.708723903 -0.008461381 0.705435276 11.494273186
0.703791082 0.041998267 0.709164500 5.385774136 -0.036006182 0.999076724 -0.023434149 -0.331217378 -0.709493995 -0.009041561 0.704653502 11.497087479
0.704382539 0.042296231 0.708559334 5.388700962 -0.036916189 0.999054968 -0.022938300 -0.331314474 -0.708859980 -0.009999974 0.705278337 11.499541283
0.703743875 0.042748645 0.709166467 5.390246391 -0.037930716 0.999025345 -0.022580680 -0.331670076 -0.709440470 -0.011008182 0.704679370 11.501203537
0.703402817 0.043547995 0.709456086 5.392688751 -0.037876904 0.998999715 -0.023767093 -0.331573129 -0.709781468 -0.010154164 0.704348743 11.503513336
0.703831792 0.043087456 0.709058762 5.395277977 -0.038800701 0.999000490 -0.022191709 -0.331866890 -0.709306300 -0.011892749 0.704800069 11.505468369
0.704063416 0.042194985 0.708882332 5.397542953 -0.038607068 0.999031246 -0.021120962 -0.331505209 -0.709086835 -0.012497376 0.705010355 11.506752968
0.703058660 0.042395912 0.709866881 5.399766922 -0.040165991 0.998995185 -0.019882970 -0.332055271 -0.709996521 -0.014533612 0.704055130 11.510157585
0.702257514 0.044057727 0.710558474 5.402094364 -0.040225916 0.998944283 -0.022182932 -0.332144260 -0.710785687 -0.013004735 0.703288436 11.512696266
0.702651441 0.045791067 0.710059166 5.404623985 -0.040077072 0.998889744 -0.024758525 -0.332278818 -0.710404634 -0.011060476 0.703706563 11.514450073
0.702798426 0.046061691 0.709896147 5.406640530 -0.039796382 0.998884559 -0.025414245 -0.332190245 -0.710275054 -0.010390208 0.703847587 11.515524864
0.702942073 0.043925527 0.709889352 5.408822536 -0.039769650 0.998957157 -0.022431586 -0.332511276 -0.710134327 -0.012463951 0.703955829 11.517666817
0.704138339 0.041454818 0.708851635 5.411820889 -0.038236991 0.999059498 -0.020443905 -0.332487226 -0.709032416 -0.012709014 0.705061376 11.519580841
0.704729021 0.039956987 0.708350480 5.414174557 -0.036052495 0.999139845 -0.020491790 -0.332516432 -0.708559990 -0.011096642 0.705563426 11.521571159
0.703994155 0.042370025 0.708940744 5.416543484 -0.038152736 0.999033570 -0.021820966 -0.332531244 -0.709180117 -0.011686196 0.704930425 11.523369789
0.704027891 0.041874021 0.708936632 5.418352127 -0.037104264 0.999065578 -0.022163408 -0.332815021 -0.709202230 -0.010700914 0.704923809 11.525416374
0.703994691 0.041107994 0.709014595 5.420749187 -0.036400754 0.999099731 -0.021783834 -0.332856566 -0.709271789 -0.010472963 0.704857349 11.526994705
