0.999998391 0.000788393 0.001616817 -0.000569674 -0.000780877 0.999988914 -0.004643796 -0.000161835 -0.001620460 0.004642527 0.999987900 0.083199248
0.999997497 -0.001071148 0.001987512 -0.000654604 0.001082928 0.999981761 -0.005935090 0.000194814 -0.001981118 0.005937228 0.999980330 0.166432157
0.999991655 -0.003121485 0.002636158 -0.000533579 0.003125338 0.999994040 -0.001458509 -0.000044181 -0.002631589 0.001466736 0.999995410 0.247739762
0.999984086 -0.005257136 0.002016792 -0.000527697 0.005247663 0.999975264 0.004673993 -0.000321372 -0.002041314 -0.004663335 0.999987066 0.330364197
0.999960005 -0.008927316 0.000510504 -0.000103280 0.008924793 0.999948919 0.004746926 -0.000189894 -0.000552855 -0.004742179 0.999988556 0.411470979
0.999937415 -0.011186085 -0.000108532 -0.000462620 0.011186264 0.999935746 0.001821104 0.000159025 0.000088154 -0.001822203 0.999998331 0.492163390
0.999930382 -0.011768509 -0.000850541 -0.000725039 0.011767055 0.999929309 -0.001694382 0.000495091 0.000870421 0.001684255 0.999998212 0.572263420
0.999934196 -0.011378682 -0.001459959 -0.001374515 0.011375503 0.999932945 -0.002167864 0.000345429 0.001484529 0.002151114 0.999996543 0.652584374
0.999938130 -0.010933996 -0.002058954 -0.002589352 0.010933656 0.999940217 -0.000176269 0.000014930 0.002060759 0.000153746 0.999997854 0.732640147
0.999936938 -0.010779879 -0.003154847 -0.002353984 0.010787514 0.999938905 0.002412648 0.000344659 0.003128646 -0.002446529 0.999992132 0.812469661
0.999937832 -0.010645092 -0.003316144 -0.004051563 0.010657060 0.999936700 0.003612822 0.000995088 0.003277475 -0.003647938 0.999988019 0.892640173
0.999914527 -0.012184527 -0.004741305 -0.003355048 0.012208165 0.999912977 0.004988815 0.000613267 0.004680107 -0.005046272 0.999976337 0.971144199
0.999917209 -0.012034644 -0.004560324 -0.005423093 0.012058262 0.999913871 0.005187213 0.000201210 0.004497505 -0.005241773 0.999976218 1.050189137
0.999898314 -0.012798348 -0.006285777 -0.004735047 0.012818662 0.999912679 0.003202080 0.001809658 0.006244248 -0.003282329 0.999975145 1.129387617
0.999880016 -0.013368529 -0.007822194 -0.005612665 0.013377368 0.999909997 0.001078750 0.002231213 0.007807069 -0.001183261 0.999968886 1.207633853
0.999855757 -0.014344436 -0.009093976 -0.006836978 0.014345201 0.999897122 0.000018883 0.002147722 0.009092769 -0.000149336 0.999958634 1.285511613
0.999841630 -0.014381937 -0.010480790 -0.008284116 0.014380837 0.999896586 -0.000180152 0.001689100 0.010482296 0.000029400 0.999945045 1.363458872
0.999845147 -0.012503444 -0.012381265 -0.009252219 0.012487886 0.999921143 -0.001333237 0.001811823 0.012396960 0.001178415 0.999922395 1.440662026
0.999812782 -0.011337590 -0.015679980 -0.008869166 0.011325131 0.999935508 -0.000883258 0.001607210 0.015688984 0.000705515 0.999876678 1.518142581
0.999806821 -0.011664798 -0.015817745 -0.012030207 0.011659962 0.999931931 -0.000397978 0.001756593 0.015821312 0.000213467 0.999874830 1.595392823
0.999784470 -0.010741779 -0.017764887 -0.013138750 0.010766950 0.999941170 0.001321809 0.001341209 0.017749647 -0.001512797 0.999841332 1.671742082
0.999775708 -0.010654666 -0.018302001 -0.016023152 0.010682357 0.999941945 0.001415870 0.001805157 0.018285852 -0.001611061 0.999831498 1.747936726
0.999701202 -0.011853084 -0.021376964 -0.015978374 0.011889822 0.999927998 0.001592331 0.001535323 0.021356549 -0.001846024 0.999770224 1.824558139
0.999702096 -0.012040118 -0.021230113 -0.019941222 0.012052198 0.999927223 0.000441192 0.002207830 0.021223262 -0.000696930 0.999774516 1.899273396
0.999693036 -0.012302002 -0.021506641 -0.022800012 0.012334711 0.999922931 0.001388914 0.001743155 0.021487899 -0.001653766 0.999767780 1.974572897
0.999644101 -0.012312154 -0.023667259 -0.023661487 0.012388255 0.999918520 0.003071458 0.002136739 0.023627516 -0.003363561 0.999715090 2.049744368
0.999626279 -0.013336883 -0.023863196 -0.026424682 0.013483109 0.999891162 0.005977210 0.002230985 0.023780882 -0.006296727 0.999697328 2.123395443
0.999594152 -0.013179368 -0.025256211 -0.027262207 0.013373408 0.999882340 0.007529439 0.002308007 0.025154004 -0.007864146 0.999652624 2.197445393
0.999586761 -0.012552567 -0.025862351 -0.029714892 0.012714338 0.999900639 0.006100195 0.002935440 0.025783205 -0.006426496 0.999646962 2.269906044
0.999584675 -0.010464237 -0.026851473 -0.031935684 0.010565012 0.999937654 0.003613856 0.002997244 0.026811983 -0.003896041 0.999632895 2.340186596
0.999568164 -0.010112159 -0.027590770 -0.034339409 0.010169002 0.999946356 0.001920642 0.003269432 0.027569871 -0.002200383 0.999617517 2.410085917
0.999540091 -0.009660912 -0.028744223 -0.036296204 0.009710141 0.999951541 0.001573571 0.003392983 0.028727630 -0.001851958 0.999585569 2.478975058
0.999513447 -0.009587839 -0.029680684 -0.038690023 0.009607291 0.999953687 0.000512838 0.003576271 0.029674394 -0.000797740 0.999559343 2.547713757
0.999445915 -0.009431877 -0.031920724 -0.041198988 0.009447768 0.999955237 0.000346945 0.003194141 0.031916037 -0.000648333 0.999490261 2.614232540
0.999393404 -0.009087283 -0.033616859 -0.044091024 0.009092095 0.999958575 -0.000009713 0.003547842 0.033615571 -0.000295941 0.999434769 2.680651188
0.999321103 -0.009245762 -0.035662510 -0.046980329 0.009297326 0.999955893 0.001280349 0.003470855 0.035649102 -0.001611045 0.999363005 2.747840881
0.999239206 -0.009657077 -0.037785303 -0.049196821 0.009801541 0.999945283 0.003639915 0.003470618 0.037748087 -0.004007499 0.999279261 2.812456131
0.999188900 -0.008435427 -0.039374437 -0.052990507 0.008621308 0.999952376 0.004553426 0.004094618 0.039334156 -0.004889192 0.999214172 2.877194405
0.999114990 -0.007133936 -0.041452959 -0.055665419 0.007351404 0.999960005 0.005096092 0.004140110 0.041414946 -0.005396319 0.999127448 2.939462900
0.999040425 -0.004831650 -0.043530356 -0.059326470 0.005048196 0.999975443 0.004866072 0.003645300 0.043505773 -0.005081152 0.999040306 3.000749111
0.998973846 -0.003369598 -0.045164928 -0.062334176 0.003534443 0.999987304 0.003570494 0.004605164 0.045152329 -0.003726464 0.998973191 3.064074516
0.998869956 -0.003484038 -0.047398396 -0.064444356 0.003703104 0.999982893 0.004534780 0.005088198 0.047381781 -0.004705177 0.998865843 3.127196312
0.998853266 -0.001326783 -0.047858644 -0.069040045 0.001646355 0.999976635 0.006638624 0.005223041 0.047848713 -0.006709803 0.998831987 3.186043978
0.998853385 0.001341585 -0.047856234 -0.072667539 -0.000993727 0.999972939 0.007291864 0.005102485 0.047864728 -0.007235947 0.998827577 3.246800423
0.998901188 0.004704585 -0.046629805 -0.076085947 -0.004463375 0.999976099 0.005275634 0.005060120 0.046653517 -0.005061710 0.998898268 3.303183794
0.998964787 0.006595194 -0.045011058 -0.078613028 -0.006503049 0.999976456 0.002193294 0.004945926 0.045024469 -0.001898314 0.998984098 3.358765125
0.999072373 0.006611024 -0.042552561 -0.081991278 -0.006605779 0.999978125 0.000263865 0.005726058 0.042553376 0.000017473 0.999094188 3.414956331
0.999193847 0.007255344 -0.039486524 -0.084674746 -0.007237422 0.999973595 0.000596810 0.006606187 0.039489817 -0.000310549 0.999219954 3.470365763
0.999263048 0.012604699 -0.036255971 -0.087317497 -0.012478039 0.999915183 0.003717691 0.005834280 0.036299754 -0.003262548 0.999335647 3.525885344
0.999344289 0.016712908 -0.032117795 -0.090365753 -0.016488297 0.999837816 0.007245627 0.005675050 0.032233674 -0.006711308 0.999457777 3.579251766
0.999375522 0.021589285 -0.027973112 -0.091967270 -0.021373281 0.999739647 0.007998173 0.005984549 0.028138500 -0.007395301 0.999576688 3.631511927
0.999425411 0.024998495 -0.022886110 -0.093198396 -0.024813697 0.999657452 0.008323479 0.006384128 0.023086345 -0.007750808 0.999703407 3.683750868
0.999436855 0.029083895 -0.016736062 -0.095113188 -0.028909996 0.999526381 0.010540789 0.006515055 0.017034704 -0.010051012 0.999804378 3.734367847
0.999356091 0.034460586 -0.009993165 -0.096776739 -0.034343306 0.999341846 0.011679009 0.007058198 0.010389053 -0.011328289 0.999881804 3.780179501
0.999292672 0.037489865 -0.002951154 -0.097023986 -0.037454579 0.999235392 0.011217564 0.007368175 0.003369442 -0.011099095 0.999932706 3.827069283
0.999143183 0.041115634 0.004735772 -0.098621167 -0.041166224 0.999090254 0.011133847 0.007459176 -0.004273687 -0.011319261 0.999926746 3.871769190
0.998893738 0.045454271 0.012051184 -0.097692326 -0.045589622 0.998897374 0.011205439 0.007140567 -0.011528562 -0.011742451 0.999864519 3.911322117
0.998535931 0.050214965 0.020114375 -0.098028980 -0.050402749 0.998688936 0.008939789 0.006857839 -0.019639093 -0.009940519 0.999757648 3.953421354
0.998209536 0.052691203 0.028307624 -0.097774483 -0.052889626 0.998580515 0.006306844 0.005870969 -0.027935127 -0.007792732 0.999579251 3.990543127
0.997977495 0.052417692 0.035961036 -0.096016027 -0.052634891 0.998600721 0.005119405 0.007655450 -0.035642359 -0.007001857 0.999340057 4.026264668
0.997722864 0.051441323 0.043621425 -0.093661539 -0.051771417 0.998638034 0.006470990 0.007894034 -0.043229140 -0.008714598 0.999027133 4.061188698
0.997243881 0.053274497 0.051637892 -0.091817662 -0.053710058 0.998531401 0.007083327 0.008154025 -0.051184695 -0.009837278 0.998640716 4.093883991
0.996567905 0.056278478 0.060705580 -0.090613544 -0.056833215 0.998355925 0.007449161 0.007621422 -0.060186543 -0.010873687 0.998127878 4.123527527
0.995689988 0.061301615 0.069596320 -0.088867158 -0.061928857 0.998056829 0.006889026 0.007457288 -0.069038764 -0.011169355 0.997551441 4.152092457
0.994772077 0.065136120 0.078650378 -0.086638018 -0.065878600 0.997803986 0.006879933 0.007625871 -0.078029521 -0.012025340 0.996878564 4.179077625
0.994062006 0.064242177 0.087827742 -0.084386952 -0.065156989 0.997846305 0.007586395 0.007324298 -0.087151207 -0.013263939 0.996106803 4.201327801
0.993103504 0.063307293 0.098680414 -0.081494518 -0.064186350 0.997921348 0.005755838 0.007284321 -0.098110907 -0.012050077 0.995102525 4.224784851
0.991969407 0.061776150 0.110364862 -0.078427553 -0.062305905 0.998056114 0.001354475 0.007280482 -0.110066645 -0.008219981 0.993890226 4.246913910
0.990394473 0.062705994 0.123234928 -0.073960632 -0.062839001 0.998019695 -0.002811085 0.007286172 -0.123167150 -0.004959875 0.992373586 4.269722939
0.988222897 0.064337544 0.138838574 -0.071015172 -0.064243555 0.997920871 -0.005163028 0.007358467 -0.138882086 -0.003817261 0.990301549 4.291212559
0.985645890 0.066383995 0.155226722 -0.066960074 -0.066160753 0.997787058 -0.006609697 0.007213301 -0.155321985 -0.003755098 0.987856746 4.312957287
0.982805967 0.067005455 0.172054350 -0.062143371 -0.066639170 0.997745752 -0.007910494 0.007169033 -0.172196582 -0.003691079 0.985055685 4.335043430
0.979571223 0.065558046 0.190111846 -0.056929801 -0.065037310 0.997842312 -0.008983727 0.006819647 -0.190290600 -0.003564165 0.981721342 4.357409000
0.975674272 0.064961210 0.209379494 -0.051541012 -0.064449258 0.997877896 -0.009274418 0.006514453 -0.209537640 -0.004445543 0.977790475 4.376613617
0.971012175 0.065301694 0.229937166 -0.046090577 -0.064601153 0.997855127 -0.010581712 0.006405105 -0.230134964 -0.004579234 0.973147929 4.399075031
0.965780497 0.067560710 0.250406772 -0.038559869 -0.066481426 0.997705877 -0.012776186 0.006323200 -0.250695467 -0.004308410 0.968056381 4.419162273
0.959579647 0.068146035 0.273062289 -0.031178672 -0.066624478 0.997667551 -0.014852301 0.005565734 -0.273437500 -0.003940665 0.961881697 4.437565804
0.952101588 0.069836572 0.297700167 -0.024146844 -0.068130657 0.997546196 -0.016116573 0.005235230 -0.298095167 -0.004937890 0.954523385 4.459228992
0.943475664 0.072960205 0.323311687 -0.015640741 -0.071263269 0.997310936 -0.017100675 0.004483887 -0.323689967 -0.006906178 0.946138024 4.479997635
0.933619976 0.074703813 0.350389868 -0.005891374 -0.072937600 0.997169256 -0.018254979 0.003828195 -0.350761831 -0.008513387 0.936426044 4.500832558
0.922390640 0.075395167 0.378828615 0.003637033 -0.073407009 0.997107267 -0.019711087 0.003364729 -0.379218876 -0.009627353 0.925256848 4.520221710
0.909760594 0.073648334 0.408548117 0.015639698 -0.070949450 0.997242033 -0.021780055 0.002381134 -0.409025401 -0.009171624 0.912476897 4.540061474
0.894717097 0.070710309 0.441000402 0.028187573 -0.066681705 0.997469902 -0.024648773 0.001823845 -0.441627502 -0.007352986 0.897168338 4.560195446
0.877469897 0.069874406 0.474514514 0.041186761 -0.063858993 0.997543097 -0.028804984 0.000857749 -0.475361496 -0.005026521 0.879776180 4.578513622
0.857975185 0.071764097 0.508653581 0.056163907 -0.063207090 0.997417390 -0.034107011 0.000500222 -0.509787679 -0.002887552 0.860295415 4.597867012
0.836167216 0.073686078 0.543502212 0.072118908 -0.062671803 0.997280180 -0.038788345 -0.000116065 -0.544882119 -0.001628726 0.838511050 4.617784023
0.811368525 0.076653071 0.579487145 0.087861329 -0.063867234 0.997054517 -0.042464145 -0.001293315 -0.581035197 -0.002556177 0.813874364 4.636608124
0.783834994 0.080698967 0.615703106 0.106125079 -0.066799723 0.996724010 -0.045597665 -0.002360380 -0.617365599 -0.005387745 0.786657929 4.656743050
0.753819346 0.085237466 0.651529670 0.125276983 -0.070559397 0.996317685 -0.048707750 -0.003455252 -0.653282225 -0.009254697 0.757057965 4.676506996
0.720969498 0.086097009 0.687597454 0.148698971 -0.070017815 0.996224403 -0.051325444 -0.004956252 -0.689420402 -0.011139985 0.724275768 4.696524620
0.684115410 0.083577499 0.724569499 0.173172981 -0.066301636 0.996426165 -0.052335668 -0.006665010 -0.726354063 -0.012236514 0.687211752 4.716720581
0.644995213 0.082017481 0.759772480 0.198855847 -0.063211031 0.996542811 -0.053914979 -0.008406031 -0.761567831 -0.013251103 0.647949755 4.735133171
0.602572441 0.081911005 0.793849468 0.230268747 -0.061468352 0.996527493 -0.056166094 -0.009927259 -0.795693517 -0.014952488 0.605514824 4.755773067
0.556492448 0.081344798 0.826861024 0.261631370 -0.057451662 0.996581078 -0.059375465 -0.011760709 -0.828863978 -0.014462546 0.559263170 4.773932934
0.507923305 0.079650596 0.857711971 0.294198722 -0.053896509 0.996703506 -0.060641248 -0.014573301 -0.859714627 -0.015426584 0.510541677 4.790860653
0.459505141 0.078272529 0.884719431 0.332868189 -0.052616622 0.996758640 -0.060856830 -0.016632237 -0.886615157 -0.018586917 0.462134212 4.807554722
0.409746200 0.075489998 0.909070671 0.370595783 -0.051581886 0.996892750 -0.059533279 -0.018948466 -0.910740018 -0.022498045 0.412366927 4.821984768
0.359286427 0.075965188 0.930130482 0.411530674 -0.055015117 0.996672153 -0.060148783 -0.020199740 -0.931604326 -0.029560594 0.362269998 4.836145401
0.310331911 0.076590657 0.947537839 0.453471661 -0.052976016 0.996593475 -0.063205525 -0.022116363 -0.949150980 -0.030582102 0.313332200 4.847863197
0.263313949 0.072893322 0.961952388 0.496586919 -0.042485803 0.997049987 -0.063923337 -0.025827162 -0.963774204 -0.024037417 0.265634060 4.855651379
0.219741166 0.067340903 0.973231256 0.542178333 -0.028425923 0.997633040 -0.062611200 -0.027617533 -0.975144029 -0.013906739 0.221135274 4.861276150
0.176821932 0.066340961 0.982004523 0.588575780 -0.019230844 0.997768164 -0.063943163 -0.030298887 -0.984054983 -0.007578216 0.177703127 4.867944717
0.138070002 0.068074085 0.988080323 0.638084710 -0.015441403 0.997661769 -0.066576503 -0.032347765 -0.990302145 -0.006065126 0.138798326 4.873418331
0.105830483 0.068446003 0.992025733 0.686015069 -0.006813536 0.997654676 -0.068107501 -0.035857290 -0.994360864 0.000448649 0.106048644 4.875699043
0.077255934 0.067062035 0.994753301 0.736579478 -0.000250857 0.997736454 -0.067243673 -0.038913831 -0.997011304 0.004945433 0.077097893 4.876843929
0.051735714 0.065228984 0.996528208 0.789653957 0.007087181 0.997815371 -0.065681182 -0.042195540 -0.998635650 0.010460638 0.051160406 4.878664494
0.031480648 0.064346880 0.997430801 0.842464387 0.011906020 0.997830629 -0.064748436 -0.044377673 -0.999433398 0.013913756 0.030646238 4.879375935
0.015781902 0.066305168 0.997674584 0.897586763 0.014687388 0.997675955 -0.066537574 -0.047151528 -0.999767601 0.015703324 0.014771374 4.878893375
0.002623423 0.065826967 0.997827649 0.952166855 0.015025391 0.997715831 -0.065859087 -0.050713133 -0.999883652 0.015165525 0.001628355 4.878287792
-0.009419904 0.066841319 0.997719169 1.009960651 0.016432628 0.997639000 -0.066680811 -0.054043893 -0.999820590 0.015767019 -0.010496043 4.877808094
-0.017988279 0.069678009 0.997407377 1.066889524 0.020985743 0.997375250 -0.069297306 -0.057123318 -0.999617934 0.019684795 -0.019403310 4.875336647
-0.024763422 0.071738154 0.997116029 1.127981901 0.025412459 0.997144699 -0.071109109 -0.060664549 -0.999370277 0.023578264 -0.026515761 4.873408794
-0.029113246 0.071267873 0.997032225 1.187353134 0.025860514 0.997174799 -0.070522942 -0.063738257 -0.999241531 0.023730615 -0.030874023 4.871293545
-0.033078171 0.068577819 0.997097254 1.250488639 0.023552595 0.997419536 -0.067818649 -0.067064881 -0.999175131 0.021240907 -0.034608006 4.869802475
-0.035800014 0.061521556 0.997463465 1.313779831 0.021434709 0.997920930 -0.060780454 -0.070930824 -0.999129057 0.019204399 -0.037044283 4.868700027
-0.036916077 0.056006651 0.997747719 1.378069401 0.022607621 0.998219550 -0.055196665 -0.074307323 -0.999062598 0.020519057 -0.038116526 4.865374565
-0.037458472 0.053559415 0.997861803 1.442494988 0.025129726 0.998297334 -0.052639451 -0.077497073 -0.998982191 0.023104202 -0.038740627 4.863258839
-0.036808513 0.055376992 0.997786880 1.506945491 0.028577249 0.998113513 -0.054340892 -0.082059406 -0.998913646 0.026513794 -0.038321592 4.860123634
-0.036423638 0.062916428 0.997353911 1.574975491 0.029537080 0.997647941 -0.061856270 -0.084589161 -0.998899817 0.027205894 -0.038196344 4.857571125
-0.034024585 0.071200103 0.996881545 1.641366005 0.030002479 0.997082293 -0.070190422 -0.087624282 -0.998970568 0.027520716 -0.036061488 4.855741501
-0.031295195 0.072010949 0.996912718 1.710675001 0.030939970 0.996993184 -0.071045481 -0.090980269 -0.999031186 0.028621070 -0.033429109 4.852921486
-0.029685350 0.067430340 0.997282267 1.779692054 0.030259309 0.997325301 -0.066532545 -0.095145151 -0.999101162 0.028202027 -0.031646349 4.851408958
-0.027469371 0.061086703 0.997754335 1.851841927 0.029489540 0.997746170 -0.060274307 -0.099669330 -0.999187589 0.027767619 -0.029208880 4.850647449
-0.024635725 0.058974359 0.997955441 1.920220494 0.027825661 0.997912169 -0.058284890 -0.104872696 -0.999309123 0.026332879 -0.026225291 4.850090027
-0.021333350 0.064663023 0.997679114 1.988597751 0.035462923 0.997327149 -0.063881911 -0.108166292 -0.999143243 0.034017805 -0.023569465 4.846875191
-0.017767780 0.070587508 0.997347414 2.057808161 0.037385441 0.996854126 -0.069886588 -0.111349039 -0.999142885 0.036044545 -0.020350831 4.845647335
-0.015174908 0.070880182 0.997369409 2.126847982 0.031343963 0.997027755 -0.070379004 -0.115623668 -0.999393404 0.030193521 -0.017351465 4.845897198
-0.012225683 0.067445815 0.997648001 2.197765589 0.026577741 0.997391999 -0.067102820 -0.119957067 -0.999571979 0.025694851 -0.013986356 4.845467091
-0.007537955 0.063573875 0.997948706 2.269142151 0.030498229 0.997527421 -0.063316666 -0.125421271 -0.999506354 0.029958390 -0.009458207 4.844689846
-0.004142564 0.064680219 0.997897446 2.338664532 0.035390630 0.997290313 -0.064493954 -0.129788518 -0.999364972 0.035049044 -0.006420413 4.844002724
-0.001370964 0.069286749 0.997595906 2.407972574 0.034838930 0.996994495 -0.069197096 -0.133784518 -0.999392033 0.034660298 -0.003780719 4.844521999
0.002205863 0.070112482 0.997536659 2.478517771 0.031443786 0.997041047 -0.070147164 -0.138123587 -0.999503076 0.031521071 -0.000005266 4.845610619
0.006226462 0.069630995 0.997553408 2.549207449 0.030653803 0.997090578 -0.069790028 -0.142466784 -0.999510586 0.031013349 0.004073892 4.845086098
0.009961816 0.066310517 0.997749329 2.618646383 0.034382734 0.997186124 -0.066616364 -0.147596851 -0.999359071 0.034968968 0.007653847 4.845486164
0.013325373 0.066428296 0.997702241 2.689316750 0.039089888 0.996993542 -0.066903196 -0.152957439 -0.999146819 0.039891575 0.010688634 4.846580982
0.016938746 0.067984529 0.997542560 2.760241032 0.041769024 0.996766686 -0.068640910 -0.156360358 -0.998983681 0.042829070 0.014044330 4.847006321
0.019013584 0.067313731 0.997550666 2.830389977 0.042326890 0.996782482 -0.068068661 -0.161475971 -0.998922825 0.043517448 0.016103225 4.849837780
0.023183832 0.066295221 0.997530699 2.900768042 0.043195866 0.996800661 -0.067250647 -0.165166512 -0.998797596 0.044648342 0.020245979 4.849726677
0.026849331 0.064927109 0.997528732 2.972045660 0.046386905 0.996732593 -0.066123828 -0.170700565 -0.998562634 0.048047636 0.023749834 4.851268291
0.029356992 0.065092660 0.997447252 3.042442322 0.044636507 0.996796548 -0.066363938 -0.175044984 -0.998571813 0.046470810 0.026357440 4.854330063
0.032610457 0.066914909 0.997225642 3.113489389 0.041653421 0.996798396 -0.068248361 -0.178976044 -0.998599768 0.043763459 0.029718820 4.856542587
0.035482164 0.066973403 0.997123599 3.185488701 0.043418597 0.996706545 -0.068490401 -0.183685362 -0.998426676 0.045723889 0.032457400 4.859307289
0.038115177 0.067387678 0.996998608 3.256851196 0.041018285 0.996777236 -0.068940826 -0.187404066 -0.998431146 0.043522857 0.035228204 4.862324715
0.040483277 0.067932338 0.996868193 3.328155994 0.039189007 0.996810496 -0.069519885 -0.191520080 -0.998411357 0.041880663 0.037691947 4.865352154
0.043197200 0.066945992 0.996821046 3.400061846 0.036316201 0.996987760 -0.068530969 -0.197626576 -0.998406231 0.039161094 0.040635861 4.869604588
0.046639293 0.069447473 0.996494710 3.471078396 0.035184644 0.996847153 -0.071118794 -0.201366171 -0.998291910 0.038378246 0.044048760 4.872961521
0.049977273 0.072564140 0.996110797 3.543286562 0.033167366 0.996686459 -0.074270174 -0.207055539 -0.998199403 0.036750190 0.047404911 4.876756191
0.052954722 0.074470155 0.995816231 3.617805243 0.034034036 0.996501505 -0.076331221 -0.212274820 -0.998016775 0.037933752 0.050234940 4.881962299
0.055441055 0.076802351 0.995503724 3.689922333 0.027934100 0.996527612 -0.078437023 -0.216992423 -0.998071134 0.032157134 0.053103134 4.887778759
0.058815852 0.075869091 0.995381594 3.763133526 0.024322715 0.996702909 -0.077406988 -0.221914604 -0.997972488 0.028763147 0.056776583 4.890788555
0.062214572 0.076425098 0.995132446 3.837747335 0.026697295 0.996579707 -0.078205340 -0.227684408 -0.997705698 0.031432856 0.059961431 4.896637440
0.066039383 0.077621050 0.994793355 3.912855864 0.025605546 0.996509492 -0.079454787 -0.233079314 -0.997488439 0.030719366 0.063821338 4.902347088
0.069590747 0.078519449 0.994480729 3.986100435 0.021734664 0.996541619 -0.080203079 -0.238506049 -0.997338831 0.027196093 0.067643486 4.907096863
0.074397080 0.076695181 0.994275093 4.063253403 0.021011356 0.996696293 -0.078454129 -0.243593782 -0.997007251 0.026727825 0.072539829 4.913427830
0.078969046 0.076277100 0.993954539 4.138247013 0.020877508 0.996723175 -0.078148268 -0.250019640 -0.996658385 0.026922587 0.077117801 4.919886589
0.083750203 0.080167197 0.993256807 4.213516712 0.017238082 0.996492982 -0.081881881 -0.255135834 -0.996337652 0.023979466 0.082074553 4.926842213
0.089967981 0.089112468 0.991949916 4.290245533 0.015327523 0.995747149 -0.090843759 -0.260836095 -0.995826721 0.023377165 0.088219486 4.934868813
0.097372912 0.094147705 0.990784883 4.365623951 0.013752791 0.995293319 -0.095927693 -0.266692281 -0.995152950 0.022966817 0.095619813 4.942671776
0.103864983 0.097404540 0.989810348 4.442281723 0.008842140 0.995063126 -0.098849304 -0.273244262 -0.994552195 0.019019021 0.102490947 4.953110695
0.111506388 0.094925240 0.989219606 4.518330574 0.006021732 0.995344579 -0.096191771 -0.280456185 -0.993745446 0.016682809 0.110415660 4.961530209
0.120042212 0.093444243 0.988361299 4.595779419 0.005091577 0.995489180 -0.094736576 -0.287672848 -0.992755711 0.016404705 0.119024962 4.969497204
0.127648547 0.089591593 0.987764776 4.673910141 0.005633921 0.995830297 -0.091051228 -0.294438511 -0.991803408 0.017187545 0.126611531 4.979205132
0.133965135 0.084043674 0.987415791 4.749257088 0.002633535 0.996363580 -0.085162558 -0.301202029 -0.990982473 0.014009207 0.133256659 4.992204666
0.140887544 0.076335482 0.987078249 4.826886177 0.000014563 0.997022867 -0.077106610 -0.307344556 -0.990025580 0.010877737 0.140466973 5.004815102
0.148445874 0.073459595 0.986188352 4.901928425 -0.000001329 0.997237265 -0.074282393 -0.314074278 -0.988920450 0.011025605 0.148035824 5.015651226
0.155369714 0.076056860 0.984924138 4.978766441 -0.000066273 0.997032523 -0.076981425 -0.319045067 -0.987856388 0.011895306 0.154913694 5.029572964
0.161094382 0.083002672 0.983442485 5.054696083 0.001422306 0.996436596 -0.084332369 -0.323697001 -0.986938000 0.014984225 0.160402298 5.042764187
0.166687340 0.086551778 0.982203662 5.127640247 -0.001204075 0.996157050 -0.087577008 -0.330071926 -0.986009061 0.013415332 0.166150987 5.054269791
0.171081468 0.089212529 0.981209576 5.200348377 -0.002798426 0.995932102 -0.090063170 -0.337340683 -0.985252917 0.012662297 0.170635149 5.069002628
0.176801622 0.088802740 0.980232239 5.273265362 -0.005727354 0.995997369 -0.089197926 -0.343811899 -0.984229922 0.010156204 0.176602557 5.082052231
0.182267904 0.086124845 0.979469717 5.345691204 -0.001052542 0.996172905 -0.087397687 -0.349660784 -0.983248413 0.014898859 0.181660965 5.095680237
0.186464921 0.079185367 0.979265213 5.415760994 -0.000030504 0.996747017 -0.080593184 -0.355018646 -0.982461572 0.014997930 0.185860783 5.109504223
0.189814612 0.073077299 0.979096532 5.487191677 -0.002125341 0.997254431 -0.074020520 -0.361029595 -0.981817663 0.011969265 0.189448804 5.123837948
0.192797974 0.069552056 0.978770316 5.555847645 -0.006075177 0.997550189 -0.069689870 -0.366434842 -0.981219649 0.007489863 0.192748189 5.138822556
0.196023598 0.069589712 0.978126705 5.625470638 -0.007825336 0.997557819 -0.069403909 -0.371562988 -0.980567932 0.005950634 0.196089476 5.153402328
0.197554037 0.071319327 0.977694154 5.693033218 -0.009870513 0.997444093 -0.070765562 -0.377151877 -0.980242252 0.004329680 0.197753087 5.168700218
0.199516445 0.076070830 0.976937234 5.758528233 -0.013440213 0.997100770 -0.074896060 -0.381242871 -0.979802310 0.001812749 0.199960440 5.182619572
0.201480642 0.080110751 0.976210892 5.823634148 -0.014433745 0.996784329 -0.078820080 -0.386280894 -0.979386151 0.001790340 0.201989040 5.196812153
0.203458160 0.085159838 0.975373089 5.888591290 -0.014485314 0.996362925 -0.083970897 -0.391739339 -0.978976488 0.002955983 0.203951761 5.211347580
0.205219358 0.087167829 0.974826574 5.952346325 -0.013878002 0.996185005 -0.086156093 -0.396847963 -0.978617609 0.004152252 0.205646127 5.225111485
0.206185654 0.087630421 0.974581182 6.015333652 -0.016712828 0.996152043 -0.086034149 -0.401775599 -0.978370130 0.001450998 0.206856772 5.239749908
0.207501471 0.084920764 0.974541843 6.078354836 -0.016243206 0.996386647 -0.083365768 -0.406791896 -0.978099823 0.001468839 0.208131075 5.252834320
0.207768634 0.081818409 0.974750221 6.139440060 -0.016226241 0.996646881 -0.080197722 -0.412249207 -0.978043377 0.000846042 0.208399579 5.266848087
0.207886755 0.080375388 0.974845111 6.200637817 -0.015122187 0.996763170 -0.078957707 -0.417265028 -0.978035986 0.001672472 0.208429307 5.280019283
0.206069946 0.080283836 0.975238323 6.260588646 -0.015062774 0.996770799 -0.078873649 -0.421389669 -0.978421330 0.001563695 0.206613809 5.293868542
0.204416588 0.080609910 0.975559294 6.318640232 -0.016704232 0.996745646 -0.078860365 -0.427014232 -0.978741467 -0.000175605 0.205097854 5.306114674
0.202484697 0.083276533 0.975738227 6.376408577 -0.017837357 0.996526003 -0.081349120 -0.431992829 -0.979122996 -0.000932640 0.203266695 5.318215847
0.199774191 0.087563761 0.975921571 6.432769299 -0.015374510 0.996156454 -0.086232103 -0.436519921 -0.979721308 0.002222631 0.200352564 5.330527782
0.198345602 0.087662764 0.976203918 6.489145279 -0.013344768 0.996141434 -0.086741745 -0.441542804 -0.980041206 0.004177628 0.198750108 5.341341019
0.195852622 0.086347766 0.976824343 6.544481277 -0.013788140 0.996259809 -0.085301273 -0.445813239 -0.980536401 0.003237887 0.196310669 5.352554321
0.193299368 0.083592899 0.977572262 6.599423885 -0.014682136 0.996498704 -0.082308158 -0.450405687 -0.981029928 0.001557265 0.193849906 5.364171028
0.191357329 0.079619490 0.978285789 6.653213978 -0.013598124 0.996823967 -0.078468397 -0.455059171 -0.981426239 0.001712649 0.191832229 5.374610901
0.189742714 0.078812212 0.978665590 6.705946922 -0.010126822 0.996877253 -0.078315437 -0.459607273 -0.981781662 0.004949011 0.189948320 5.384350777
0.188270003 0.080037162 0.978850603 6.758301258 -0.005995018 0.996748865 -0.080347568 -0.463869423 -0.982098997 0.009258809 0.188137740 5.393249512
0.185481265 0.082222506 0.979201794 6.808633804 -0.002568873 0.996530354 -0.083190948 -0.467583537 -0.982644439 0.012914917 0.185048938 5.402815342
0.183820486 0.084146298 0.979351580 6.859607697 -0.002443765 0.996365190 -0.085149422 -0.471731126 -0.982956827 0.013258902 0.183357984 5.412516594
0.182634056 0.086506881 0.979367912 6.910208225 -0.002844136 0.996163964 -0.087460093 -0.476025194 -0.983176827 0.013187736 0.182179511 5.422337055
0.181569487 0.084854841 0.979710281 6.963697433 -0.001259508 0.996289372 -0.086057357 -0.480492234 -0.983377337 0.014391439 0.181002632 5.431267262
0.182494655 0.083218180 0.979678810 7.014486790 0.005367784 0.996312499 -0.085631028 -0.484089851 -0.983192205 0.020885911 0.181375012 5.439726353
0.184263185 0.081460498 0.979495406 7.067513943 0.009403241 0.996367872 -0.084632635 -0.488400757 -0.982831955 0.024805116 0.182827920 5.449570656
0.186326846 0.080816522 0.979158342 7.119489193 0.011480648 0.996363997 -0.084421307 -0.492900997 -0.982420743 0.026971325 0.184721544 5.459653854
0.189822540 0.080361657 0.978524089 7.170926094 0.009036867 0.996459484 -0.083587654 -0.497401476 -0.981776774 0.024709614 0.188424245 5.470174313
0.195190459 0.081433259 0.977378726 7.224936485 0.008319976 0.996373653 -0.084677435 -0.500877082 -0.980730057 0.024659993 0.193805128 5.481164455
0.202054232 0.080401488 0.976068497 7.278477192 0.009038271 0.996428967 -0.083949618 -0.504814863 -0.979332566 0.025784347 0.200606003 5.492059231
0.208979234 0.080635466 0.974590003 7.330458164 0.007515920 0.996432841 -0.084054321 -0.508754671 -0.977891147 0.024890546 0.207627729 5.505314350
0.218110949 0.078468867 0.972764254 7.385167122 0.007625688 0.996594846 -0.082100995 -0.513055980 -0.975894094 0.025325123 0.216769874 5.517626762
0.226604253 0.077851199 0.970870614 7.441609383 0.004823043 0.996698499 -0.081047967 -0.518074870 -0.973975003 0.023048365 0.225480646 5.531431198
0.236415803 0.077096388 0.968588531 7.496963501 0.004119253 0.996758640 -0.080344081 -0.522554815 -0.971643269 0.022984471 0.235331938 5.545819759
0.245975941 0.081136137 0.965874076 7.551674843 -0.001564656 0.996522367 -0.083312206 -0.526925206 -0.969274640 0.018981537 0.245247453 5.561268806
0.254964501 0.083645143 0.963325799 7.608360767 -0.005249464 0.996356487 -0.085123815 -0.530723155 -0.966936171 0.016646607 0.254474640 5.578185081
0.265779793 0.085993871 0.960190713 7.664248466 -0.008778984 0.996188164 -0.086787760 -0.534644127 -0.963993907 0.014636935 0.265521616 5.594632626
0.275961727 0.087907851 0.957140148 7.722156048 -0.010432576 0.996024132 -0.088471211 -0.540040731 -0.961112022 0.014429230 0.275781602 5.612804890
0.285655141 0.088960327 0.954194665 7.782205105 -0.013969187 0.995962799 -0.088672504 -0.544553041 -0.958230674 0.012000432 0.285744637 5.631562233
0.296001196 0.089331776 0.951001167 7.842612267 -0.014698774 0.995925188 -0.088976666 -0.548786223 -0.955074489 0.012358648 0.296108127 5.651956558
0.306457311 0.090428613 0.947579324 7.903869629 -0.018688921 0.995857120 -0.088991612 -0.553398192 -0.951700926 0.009562901 0.306877702 5.672259331
0.317079693 0.085773639 0.944512248 7.965010166 -0.018398799 0.996270835 -0.084297352 -0.558060348 -0.948220432 0.009351091 0.317475379 5.692549706
0.327576637 0.078692138 0.941541851 8.028884888 -0.014866525 0.996831477 -0.078140840 -0.563004792 -0.944707632 0.011599657 0.327708542 5.715899467
0.338480979 0.074290119 0.938036025 8.092148781 -0.013220709 0.997155666 -0.074201681 -0.567840934 -0.940880299 0.012714357 0.338500410 5.739377975
0.348838001 0.071008071 0.934489131 8.158050537 -0.014009016 0.997409105 -0.070559643 -0.572454929 -0.937078476 0.011522611 0.348928958 5.764530659
0.358319998 0.068623699 0.931073427 8.221895218 -0.008049787 0.997484922 -0.070420548 -0.576454937 -0.933564186 0.017738147 0.357971191 5.789064407
0.366924405 0.063162997 0.928103924 8.290283203 -0.001079483 0.997720420 -0.067474045 -0.580024302 -0.930250108 0.023756001 0.366156220 5.815841675
0.373720974 0.054287113 0.925951123 8.357137680 0.008036410 0.998058736 -0.061758235 -0.583513677 -0.927506328 0.030521667 0.372559249 5.841960430
0.381032765 0.049164582 0.923253357 8.426774979 0.013774211 0.998172462 -0.058838826 -0.588344336 -0.924458921 0.035136614 0.379659235 5.870036125
0.388514221 0.048292339 0.920176327 8.494712830 0.016619658 0.998095989 -0.059398782 -0.593704104 -0.921292841 0.038370289 0.386971891 5.898355484
0.395992935 0.055451501 0.916577756 8.563087463 0.018163631 0.997506618 -0.068194881 -0.597080588 -0.918073893 0.043653067 0.393998414 5.928129673
0.403157830 0.059535865 0.913191736 8.630842209 0.022322413 0.996944845 -0.074851118 -0.600891232 -0.914858103 0.050561462 0.400597125 5.957641125
0.408387125 0.061552800 0.910731137 8.697807312 0.020297028 0.996864855 -0.076475769 -0.605780303 -0.912583113 0.049716856 0.405857414 5.988052368
0.412153333 0.063429639 0.908903897 8.763270378 0.012742454 0.997074902 -0.075361051 -0.611324370 -0.911025405 0.042641971 0.410139471 6.020725727
0.416614234 0.067125879 0.906601667 8.831154823 0.006258974 0.997034729 -0.076697849 -0.616556346 -0.909061849 0.037627812 0.414958656 6.052019596
0.420267284 0.070615724 0.904648423 8.895862579 0.005314500 0.996758580 -0.080274642 -0.621715188 -0.907384813 0.038544565 0.418529719 6.084522247
0.424025595 0.075015508 0.902538061 8.959795952 0.001884567 0.996488452 -0.083709680 -0.627441585 -0.905648291 0.037195940 0.422395170 6.115855694
0.428183675 0.077204160 0.900387883 9.023598671 -0.000253709 0.996354222 -0.085312188 -0.633114517 -0.903691709 0.036300842 0.426642150 6.145301342
0.431899905 0.075486578 0.898757100 9.085543633 -0.001521268 0.996550918 -0.082969241 -0.639271736 -0.901920199 0.034467153 0.430525094 6.175944328
0.436861843 0.072664544 0.896588922 9.149794579 -0.000677154 0.996758163 -0.080452874 -0.644936502 -0.899528325 0.034539666 0.435494810 6.206737041
0.439760089 0.069712885 0.895405591 9.210377693 -0.000737782 0.997010648 -0.077261120 -0.650121748 -0.898114979 0.033315741 0.438496917 6.237489223
0.443354607 0.068541929 0.893721879 9.269527435 -0.001914500 0.997142196 -0.075523771 -0.656182468 -0.896344244 0.031772781 0.442218781 6.267251492
0.446638525 0.070551321 0.891928554 9.327165604 -0.003641382 0.997021258 -0.077040687 -0.660164833 -0.894707084 0.031161485 0.445565045 6.296496868
0.449524820 0.071230829 0.890423238 9.386590004 -0.002606615 0.996915877 -0.078433953 -0.664842546 -0.893264055 0.032937013 0.448324084 6.327101231
0.452131152 0.069330320 0.889252961 9.443976402 -0.000328939 0.996987402 -0.077562571 -0.669631600 -0.891951501 0.034775939 0.450791895 6.355504513
0.453087002 0.068725087 0.888813257 9.499237061 0.000286986 0.997012734 -0.077237613 -0.675161064 -0.891466200 0.035250429 0.451713741 6.385190964
0.455315262 0.067880265 0.887738883 9.556802750 0.000460762 0.997071385 -0.076476596 -0.679221570 -0.890330195 0.035229996 0.453950495 6.414374352
0.457469940 0.067459464 0.886662602 9.611199379 0.001740503 0.997048378 -0.076755889 -0.683577597 -0.889223397 0.036656749 0.456002206 6.442458153
0.459718734 0.069096953 0.885372400 9.664644241 0.000928859 0.996930599 -0.078285567 -0.688444972 -0.888064086 0.036811724 0.458243489 6.470926762
0.463195801 0.068661198 0.883592308 9.717583656 0.004412284 0.996803403 -0.079771481 -0.693439484 -0.886244953 0.040848467 0.461412221 6.496729851
0.465828121 0.068264760 0.882238090 9.770172119 0.006071873 0.996749699 -0.080331311 -0.698028982 -0.884854376 0.042777423 0.463899642 6.526313305
0.468909889 0.066399716 0.880746543 9.821630478 0.009036598 0.996757329 -0.079956882 -0.702827930 -0.883199751 0.045451529 0.466789365 6.554179668
0.472323388 0.065859757 0.878961325 9.871093750 0.010227215 0.996728063 -0.080179647 -0.706646204 -0.881365955 0.046860054 0.470104367 6.579753399
0.475019306 0.065021023 0.877569854 9.920045853 0.011164775 0.996740758 -0.079894029 -0.711936057 -0.879904509 0.047749076 0.472745240 6.608481407
0.479156822 0.064007260 0.875392377 9.969199181 0.012151924 0.996758163 -0.079532839 -0.716130912 -0.877645195 0.048746403 0.476825655 6.633175373
0.482432038 0.063993588 0.873592615 10.016113281 0.013573435 0.996661842 -0.080504589 -0.719494283 -0.875828207 0.050695650 0.479952961 6.658473492
0.486694962 0.064702861 0.871172547 10.063147545 0.013364786 0.996585011 -0.081483841 -0.724307775 -0.873469770 0.051300809 0.484168142 6.684701443
0.490649492 0.065140456 0.868918717 10.112373352 0.015340624 0.996401429 -0.083359823 -0.728825927 -0.871221960 0.054230213 0.487884581 6.713838577
0.495885521 0.068260960 0.865700841 10.158666611 0.012910453 0.996215999 -0.085947439 -0.733741105 -0.868291914 0.053796679 0.493127793 6.740138054
0.501230717 0.074303955 0.862117529 10.204492569 0.009320615 0.995784998 -0.091243409 -0.738093495 -0.865263462 0.053769469 0.498425514 6.767941475
0.506909013 0.081326820 0.858154476 10.250260353 0.004639850 0.995267570 -0.097061686 -0.742289245 -0.861987054 0.053183153 0.504132807 6.796520233
0.512673080 0.087694742 0.854093611 10.298206329 -0.000931973 0.994826436 -0.101585187 -0.747201204 -0.858583391 0.051284000 0.510102570 6.826541424
0.519500434 0.092176788 0.849483728 10.343540192 -0.004985145 0.994474411 -0.104860947 -0.752466559 -0.854455650 0.050240509 0.517089427 6.855113983
0.525397360 0.092246845 0.845841646 10.389685631 -0.008309342 0.994614542 -0.103310503 -0.757012367 -0.850816429 0.047250681 0.523334384 6.883676529
0.530304790 0.091877386 0.842813969 10.437770844 -0.015445271 0.994992495 -0.098748490 -0.761761189 -0.847666383 0.039349310 0.529068410 6.916090012
0.536871195 0.089092836 0.838946819 10.484693527 -0.021475127 0.995529354 -0.091978602 -0.767013788 -0.843390822 0.031364176 0.536384404 6.945562840
0.541793942 0.087125123 0.835983574 10.531728745 -0.027834468 0.995927393 -0.085754968 -0.772654414 -0.840050459 0.023192365 0.542012513 6.981243134
0.548366189 0.085889801 0.831815839 10.580420494 -0.030878406 0.996112764 -0.082498148 -0.776555359 -0.835668027 0.019554047 0.548886657 7.013413906
0.553957522 0.089599542 0.827709436 10.631711006 -0.036140434 0.995842755 -0.083612435 -0.781111002 -0.831760108 0.016403966 0.554892898 7.050664425
0.560002804 0.093478866 0.823200166 10.680829048 -0.039613031 0.995498955 -0.086096577 -0.785322368 -0.827543139 0.015604873 0.561185241 7.086159229
0.566560566 0.096446283 0.818356395 10.728740692 -0.042729564 0.995229304 -0.087709077 -0.790657759 -0.822911441 0.014724499 0.567978859 7.119672775
0.573679864 0.099039361 0.813069820 10.782224655 -0.044550996 0.994966269 -0.089762062 -0.794601679 -0.817867041 0.015271612 0.575204492 7.154985428
0.579202414 0.099776559 0.809054554 10.836434364 -0.047616206 0.994927466 -0.088610888 -0.799464166 -0.813791931 0.012799523 0.581015289 7.197665215
0.585277379 0.101992413 0.804392874 10.888360023 -0.054093897 0.994758666 -0.086770914 -0.804636419 -0.809026778 0.007272296 0.587726831 7.237486839
0.592448950 0.100053482 0.799370766 10.942188263 -0.054642379 0.994963288 -0.084037013 -0.809844434 -0.803752720 0.006108113 0.594932079 7.278059006
0.600597441 0.097338401 0.793604434 10.996378899 -0.054277308 0.995235741 -0.080992311 -0.815450191 -0.797707081 0.005569065 0.603019357 7.319723129
