0.999998212 0.000990701 0.001606504 -0.000519530 -0.000983464 0.999989390 -0.004499519 -0.000225986 -0.001610945 0.004497930 0.999988556 0.079126865
0.999996722 -0.001083695 0.002314388 -0.000505878 0.001096436 0.999984205 -0.005510941 0.000073947 -0.002308380 0.005513461 0.999982119 0.157837763
0.999990880 -0.002569910 0.003428058 -0.002130113 0.002574889 0.999995708 -0.001448652 0.000004224 -0.003424320 0.001457465 0.999993026 0.237880945
0.999985576 -0.004927297 0.002133306 -0.000851245 0.004917449 0.999977350 0.004597577 -0.000158373 -0.002155912 -0.004587021 0.999987185 0.316399664
0.999962986 -0.008558745 0.000865077 -0.000953836 0.008554506 0.999951959 0.004789283 -0.000232416 -0.000906026 -0.004781705 0.999988139 0.394247681
0.999945283 -0.010439780 0.000653609 -0.002055698 0.010438843 0.999944568 0.001417764 0.000193186 -0.000668374 -0.001410863 0.999998748 0.472607881
0.999932110 -0.011628084 -0.000769096 -0.001096876 0.011626903 0.999931276 -0.001522034 0.000344736 0.000786742 0.001512989 0.999998569 0.547804594
0.999934137 -0.011426860 -0.001080151 -0.002166090 0.011423975 0.999931335 -0.002640176 0.000870759 0.001110246 0.002627663 0.999996006 0.624377608
0.999941349 -0.010567426 -0.002370052 -0.002129297 0.010566687 0.999944031 -0.000323610 0.000284244 0.002373339 0.000298547 0.999997139 0.700822294
0.999940991 -0.010463348 -0.002920930 -0.002836739 0.010470795 0.999941945 0.002545426 0.000137648 0.002894127 -0.002575861 0.999992490 0.777407825
0.999934912 -0.010686158 -0.004020793 -0.003008099 0.010703023 0.999933898 0.004196390 0.000291591 0.003975685 -0.004239150 0.999983072 0.852806866
0.999924064 -0.011653485 -0.004010746 -0.004552869 0.011674295 0.999918342 0.005204872 0.000503359 0.003949764 -0.005251299 0.999978423 0.928875029
0.999911606 -0.012070610 -0.005569896 -0.003880591 0.012099201 0.999913633 0.005128234 0.000578032 0.005507514 -0.005195173 0.999971330 1.003404140
0.999907672 -0.012328956 -0.005699080 -0.005399454 0.012349453 0.999917269 0.003575266 0.001227455 0.005654530 -0.003645316 0.999977410 1.077731848
0.999891102 -0.012623770 -0.007636890 -0.005297608 0.012635679 0.999918938 0.001513139 0.001397647 0.007617171 -0.001609471 0.999969721 1.152963996
0.999861956 -0.013457961 -0.009742462 -0.005616132 0.013462216 0.999909282 0.000371123 0.001210396 0.009736585 -0.000502227 0.999952435 1.227776289
0.999853313 -0.013475346 -0.010571856 -0.007388771 0.013472607 0.999909103 -0.000330294 0.001557557 0.010575347 0.000187815 0.999944091 1.301560879
0.999842167 -0.012137985 -0.012975084 -0.007516274 0.012118280 0.999925137 -0.001596231 0.001999459 0.012993490 0.001438744 0.999914646 1.374647498
0.999843538 -0.010551100 -0.014206084 -0.009626352 0.010536580 0.999943852 -0.001096632 0.001323707 0.014216862 0.000946777 0.999898493 1.449139833
0.999798954 -0.011032022 -0.016743165 -0.009605765 0.011032514 0.999939144 -0.000062959 0.001110590 0.016742840 -0.000121773 0.999859810 1.523655295
0.999788463 -0.010722114 -0.017552091 -0.012165884 0.010742922 0.999941647 0.001091498 0.001254663 0.017539363 -0.001279828 0.999845326 1.596295118
0.999769688 -0.010050509 -0.018963642 -0.013726381 0.010084127 0.999947727 0.001677959 0.001396606 0.018945787 -0.001868804 0.999818802 1.669318080
0.999735355 -0.011248297 -0.020063808 -0.015794702 0.011279077 0.999935329 0.001421591 0.001495525 0.020046519 -0.001647516 0.999797702 1.741151571
0.999692380 -0.010768786 -0.022342976 -0.016888171 0.010790502 0.999941468 0.000851567 0.001789581 0.022332499 -0.001092397 0.999750018 1.812692285
0.999683917 -0.011062646 -0.022574374 -0.019847594 0.011089770 0.999937952 0.001076640 0.001891949 0.022561066 -0.001326644 0.999744594 1.884741187
0.999651670 -0.010926433 -0.024022009 -0.021483582 0.011005956 0.999934375 0.003180667 0.001782008 0.023985682 -0.003443945 0.999706388 1.955927849
0.999629021 -0.011734209 -0.024579994 -0.023576053 0.011883252 0.999911845 0.005926321 0.002190813 0.024508288 -0.006216211 0.999680221 2.026441097
0.999594688 -0.011978872 -0.025825456 -0.025043737 0.012182787 0.999895751 0.007753059 0.002089068 0.025729889 -0.008064542 0.999636412 2.096396446
0.999610007 -0.010821616 -0.025743768 -0.027782122 0.010986776 0.999919891 0.006282741 0.002522401 0.025673715 -0.006563133 0.999648809 2.163724899
0.999598324 -0.009530449 -0.026692355 -0.029901251 0.009621020 0.999948382 0.003266706 0.003288093 0.026659843 -0.003522203 0.999638379 2.230655193
0.999582946 -0.009664203 -0.027210644 -0.032514043 0.009722327 0.999950647 0.002004580 0.002953599 0.027189927 -0.002268295 0.999627709 2.295654774
0.999577701 -0.008224110 -0.027869299 -0.035160273 0.008271364 0.999964476 0.001580700 0.003301009 0.027855309 -0.001810550 0.999610305 2.361552715
0.999536991 -0.008343267 -0.029260544 -0.037248384 0.008375418 0.999964476 0.000976356 0.003319660 0.029251358 -0.001220973 0.999571323 2.426495790
0.999483585 -0.008235060 -0.031060012 -0.039833151 0.008243057 0.999966085 0.000129486 0.003251093 0.031057889 -0.000385449 0.999517441 2.490953922
0.999404728 -0.008594601 -0.033411670 -0.041610233 0.008606803 0.999962866 0.000221415 0.002903300 0.033408526 -0.000508851 0.999441624 2.554317474
0.999342680 -0.008567555 -0.035227265 -0.044172600 0.008623453 0.999961674 0.001435170 0.002742599 0.035213623 -0.001738008 0.999378324 2.616880894
0.999262035 -0.008661753 -0.037421115 -0.046681430 0.008798537 0.999955118 0.003492153 0.003418779 0.037389189 -0.003818827 0.999293506 2.679419994
0.999193668 -0.007958450 -0.039355502 -0.049633741 0.008147957 0.999955893 0.004657181 0.003891654 0.039316699 -0.004974092 0.999214411 2.742213726
0.999128401 -0.006520124 -0.041229066 -0.052849177 0.006727091 0.999965429 0.004883190 0.004228716 0.041195799 -0.005156286 0.999137819 2.800911903
0.999050379 -0.003563690 -0.043423899 -0.055471689 0.003761984 0.999982834 0.004485616 0.003287198 0.043407168 -0.004644717 0.999046683 2.860060930
0.998990238 -0.001824131 -0.044892091 -0.059074935 0.002010866 0.999989510 0.004114841 0.002972721 0.044884115 -0.004200957 0.998983383 2.917826414
0.998906434 -0.001807401 -0.046718866 -0.061571460 0.002041016 0.999985635 0.004953208 0.003460489 0.046709243 -0.005043145 0.998895824 2.976775408
0.998852372 -0.000586055 -0.047890786 -0.064287804 0.000920656 0.999975324 0.006964996 0.003512322 0.047885522 -0.007001095 0.998828351 3.032993317
0.998863578 0.002304495 -0.047604643 -0.068451121 -0.001953349 0.999970555 0.007421509 0.003950941 0.047620345 -0.007320087 0.998838663 3.089633703
0.998890400 0.005426243 -0.046780765 -0.070728622 -0.005172082 0.999971211 0.005552364 0.003897916 0.046809550 -0.005304250 0.998889685 3.143779516
0.998986125 0.006870482 -0.044492435 -0.074604400 -0.006767410 0.999974191 0.002466809 0.003884668 0.044508230 -0.002163209 0.999006689 3.197815418
0.999062240 0.007406849 -0.042659901 -0.076839365 -0.007420844 0.999972522 -0.000169705 0.005379310 0.042657468 0.000486119 0.999089658 3.251640797
0.999179482 0.008266209 -0.039648574 -0.078502126 -0.008253835 0.999965847 0.000475763 0.005712469 0.039651152 -0.000148120 0.999213576 3.303471088
0.999265492 0.013181045 -0.035980090 -0.082082734 -0.013052491 0.999907553 0.003805454 0.004926627 0.036026917 -0.003333030 0.999345243 3.357186794
0.999337196 0.017261371 -0.032050379 -0.084596723 -0.017031550 0.999827325 0.007429822 0.004759810 0.032173090 -0.006879029 0.999458671 3.408066034
0.999364853 0.022053245 -0.027991310 -0.085769333 -0.021821633 0.999725223 0.008553158 0.004578774 0.028172240 -0.007936911 0.999571562 3.457067728
0.999416292 0.025585936 -0.022637516 -0.087636687 -0.025405241 0.999643326 0.008233915 0.005551510 0.022840116 -0.007653998 0.999709785 3.506343126
0.999422073 0.029623587 -0.016672445 -0.088831939 -0.029451462 0.999511302 0.010476535 0.005569084 0.016974648 -0.009979453 0.999806106 3.553114891
0.999334574 0.035003673 -0.010263010 -0.089389317 -0.034884270 0.999324143 0.011591660 0.006018567 0.010661825 -0.011225928 0.999880135 3.597820997
0.999268472 0.038133658 -0.002891079 -0.090867698 -0.038097881 0.999207139 0.011556802 0.005688789 0.003329489 -0.011438203 0.999929011 3.643363714
0.999122918 0.041646212 0.004378013 -0.090513706 -0.041694455 0.999063373 0.011574651 0.005744954 -0.003891872 -0.011747038 0.999923408 3.684643030
0.998892605 0.045582477 0.011656542 -0.089870945 -0.045707878 0.998897195 0.010728141 0.006545140 -0.011154672 -0.011249057 0.999874473 3.725996971
0.998538077 0.050293706 0.019806316 -0.090777643 -0.050467152 0.998690784 0.008356520 0.006603976 -0.019360101 -0.009343871 0.999768853 3.763957500
0.998225570 0.052615505 0.027878392 -0.090345144 -0.052789230 0.998590350 0.005532079 0.006193896 -0.027548017 -0.006993942 0.999595940 3.799656153
0.997915089 0.053484593 0.036125831 -0.089662157 -0.053721938 0.998540103 0.005630815 0.005931123 -0.035771921 -0.007559825 0.999331415 3.835216045
0.997669458 0.052502774 0.043578763 -0.086913064 -0.052834596 0.998582125 0.006497127 0.006690676 -0.043175865 -0.008784451 0.999028862 3.868455887
0.997195959 0.054066624 0.051740352 -0.085302569 -0.054504827 0.998488247 0.007095019 0.006992897 -0.051278535 -0.009895223 0.998635352 3.899297476
0.996521711 0.057328869 0.060480639 -0.083491474 -0.057873935 0.998297155 0.007297966 0.007261664 -0.059959270 -0.010772834 0.998142719 3.928452730
0.995683849 0.061779171 0.069259979 -0.081957944 -0.062386211 0.998030007 0.006634129 0.006931944 -0.068713680 -0.010926363 0.997576535 3.954746246
0.994812965 0.065320320 0.077977024 -0.079045780 -0.066027679 0.997796416 0.006525064 0.007103811 -0.077378981 -0.011639860 0.996933758 3.980790138
0.994027972 0.064806655 0.087798223 -0.077662893 -0.065715514 0.997810185 0.007498037 0.006449266 -0.087120049 -0.013222964 0.996110082 4.002930164
0.993108392 0.063684896 0.098387577 -0.074409567 -0.064543821 0.997899294 0.005568615 0.006662325 -0.097826257 -0.011880546 0.995132565 4.026348114
0.991977990 0.061920375 0.110206097 -0.071832508 -0.062413979 0.998049796 0.001031572 0.006163539 -0.109927297 -0.007901698 0.993908167 4.047102451
0.990280867 0.063412927 0.123784408 -0.069289058 -0.063587442 0.997973025 -0.002544398 0.005403166 -0.123694852 -0.005351465 0.992305815 4.070237637
0.988187551 0.064891480 0.138832644 -0.065079361 -0.064770348 0.997885585 -0.005395177 0.006563630 -0.138889238 -0.003660794 0.990301132 4.089877605
0.985574305 0.066993229 0.155419484 -0.061600588 -0.066781811 0.997745812 -0.006587223 0.006339707 -0.155510485 -0.003886998 0.987826586 4.110219002
0.982716143 0.067652829 0.172314048 -0.057368588 -0.067319706 0.997701049 -0.007783141 0.005765392 -0.172444478 -0.003951514 0.985011280 4.130861282
0.979492605 0.066687010 0.190124109 -0.051540248 -0.066177979 0.997766912 -0.009032306 0.005593316 -0.190301910 -0.003734952 0.981718540 4.150893688
0.975442708 0.066068590 0.210110858 -0.047413878 -0.065540329 0.997804821 -0.009484168 0.005668784 -0.210276261 -0.004519472 0.977631509 4.171363354
0.971098781 0.065767221 0.229438499 -0.040696483 -0.065034345 0.997824967 -0.010762882 0.005231169 -0.229647338 -0.004469560 0.973263681 4.189227581
0.965821147 0.067858815 0.250169337 -0.033860043 -0.066675276 0.997687161 -0.013212977 0.005395197 -0.250487387 -0.003918738 0.968111992 4.209927082
0.959553838 0.068554625 0.273050696 -0.027559830 -0.066852137 0.997641683 -0.015545626 0.005170874 -0.273472518 -0.003337155 0.961874068 4.229348183
0.952129841 0.070150740 0.297535837 -0.019450638 -0.068337165 0.997525692 -0.016506674 0.004412022 -0.297957629 -0.004616256 0.954568028 4.248574257
0.943555117 0.073063508 0.323056549 -0.012242019 -0.071272373 0.997305334 -0.017387765 0.003773907 -0.323456377 -0.006618688 0.946220040 4.267133713
0.933660209 0.074642666 0.350295693 -0.003493603 -0.072701313 0.997178316 -0.018709127 0.003531286 -0.350703716 -0.007998993 0.936452329 4.287253380
0.922415137 0.075570747 0.378733903 0.006404265 -0.073495373 0.997095883 -0.019956060 0.002499236 -0.379142135 -0.009427417 0.925290465 4.306611061
0.909698963 0.074096449 0.408604324 0.017141897 -0.071259983 0.997210979 -0.022184476 0.001657688 -0.409108520 -0.008935949 0.912441909 4.324864864
0.894844353 0.071350329 0.440638959 0.029727722 -0.067262694 0.997424245 -0.024911337 0.000883828 -0.441281438 -0.007346794 0.897338629 4.343153954
0.877513468 0.070778288 0.474300176 0.042642172 -0.064570591 0.997480333 -0.029387299 0.000570946 -0.475185156 -0.004838091 0.879872501 4.360549450
0.857988775 0.072756201 0.508489728 0.056218609 -0.064035766 0.997345746 -0.034653831 -0.000081886 -0.509661317 -0.002828931 0.860370398 4.379021645
0.836196721 0.074187994 0.543388546 0.070067763 -0.063145243 0.997242749 -0.038980588 -0.001383172 -0.544782102 -0.001716950 0.838575840 4.397149563
0.811638772 0.077142097 0.579043746 0.086315945 -0.064197764 0.997017205 -0.042840648 -0.002001468 -0.580621302 -0.002402178 0.814170241 4.415573120
0.784487665 0.080614962 0.614882350 0.104811542 -0.066702396 0.996731460 -0.045576617 -0.003673372 -0.616546690 -0.005259833 0.787300766 4.433815002
0.754525304 0.084994763 0.650743783 0.124265492 -0.070352033 0.996339500 -0.048561770 -0.004984207 -0.652489126 -0.009140053 0.757743001 4.454126835
0.721219897 0.086511977 0.687282622 0.145528272 -0.070401989 0.996187627 -0.051517110 -0.006099197 -0.689119160 -0.011230904 0.724560916 4.472831726
0.684581876 0.083791457 0.724103987 0.169317856 -0.066412814 0.996409297 -0.052513979 -0.007973061 -0.725904226 -0.012139667 0.687688649 4.492417336
0.645519078 0.082127489 0.759315550 0.194578126 -0.063244678 0.996535063 -0.054018732 -0.009681341 -0.761120915 -0.013152549 0.648476541 4.510492802
0.602644920 0.082357705 0.793748260 0.221948087 -0.061979290 0.996486187 -0.056336273 -0.010928504 -0.795598924 -0.015245179 0.605631888 4.528994083
0.556512952 0.081855521 0.826796830 0.250734925 -0.057839926 0.996537447 -0.059728604 -0.012532335 -0.828823209 -0.014582116 0.559320569 4.545448780
0.507721126 0.081256926 0.857680917 0.282147318 -0.054977924 0.996568799 -0.061869949 -0.013754154 -0.859765530 -0.015740827 0.510446489 4.562334061
0.458591431 0.078376628 0.885184109 0.315389901 -0.052521758 0.996752143 -0.061044969 -0.016774388 -0.887093723 -0.018496728 0.461218536 4.577400208
0.409122914 0.075644359 0.909338355 0.354499727 -0.051505513 0.996883512 -0.059753895 -0.019501723 -0.911024451 -0.022389254 0.411744028 4.592844009
0.360230744 0.076543905 0.929717600 0.392902493 -0.055189397 0.996630967 -0.060669083 -0.020213440 -0.931229234 -0.029455682 0.363241553 4.603953838
0.310668677 0.077705428 0.947336674 0.432807416 -0.053506374 0.996502101 -0.064191394 -0.021565916 -0.949011028 -0.030746296 0.313739777 4.615174294
0.262971967 0.073361948 0.962010264 0.473236650 -0.042532049 0.997017026 -0.064405099 -0.025553588 -0.963865519 -0.023979526 0.265307814 4.623573780
0.220009983 0.067939766 0.973128796 0.515657187 -0.027977172 0.997600794 -0.063323081 -0.026886763 -0.975096345 -0.013293685 0.221382916 4.628407001
0.177618012 0.066906542 0.981822431 0.560407341 -0.019283963 0.997731268 -0.064502053 -0.029764190 -0.983910561 -0.007476700 0.178505272 4.633893490
0.139220417 0.068407096 0.987895787 0.605272532 -0.015616782 0.997638762 -0.066880949 -0.031643964 -0.990138233 -0.006116561 0.139959991 4.638281345
0.106854133 0.068848148 0.991888225 0.652398348 -0.007138464 0.997627139 -0.068477497 -0.035383169 -0.994249105 0.000236545 0.107092053 4.641242027
0.077547133 0.067551278 0.994697571 0.700044692 0.000481766 0.997699320 -0.067792691 -0.037610244 -0.996988595 0.005736339 0.077336177 4.642898560
0.053076848 0.065605529 0.996433020 0.748577714 0.007430137 0.997785985 -0.066090390 -0.040768404 -0.998562813 0.010911501 0.052471869 4.643620014
0.032766297 0.065244503 0.997331321 0.800979495 0.012397461 0.997763693 -0.065680109 -0.042710911 -0.999386072 0.014516467 0.031884167 4.644099712
0.016567387 0.066881903 0.997623384 0.852371097 0.015343037 0.997625828 -0.067136869 -0.045534998 -0.999745011 0.016418854 0.015501885 4.644674778
0.003191544 0.066656940 0.997770846 0.905974030 0.015553286 0.997651935 -0.066698745 -0.048832826 -0.999873936 0.015731489 0.002147316 4.644268036
-0.008036897 0.067581363 0.997681379 0.959277987 0.016950380 0.997579455 -0.067437910 -0.051637527 -0.999824047 0.016369084 -0.009162973 4.643070698
-0.017522290 0.070522971 0.997356236 1.015148759 0.021522159 0.997304738 -0.070141226 -0.054938372 -0.999614775 0.020236222 -0.018992869 4.641530037
-0.023947144 0.072342053 0.997092307 1.070521832 0.025465982 0.997098804 -0.071730904 -0.058507271 -0.999388874 0.023674183 -0.025719928 4.639487743
-0.028537817 0.071856320 0.997006655 1.128267765 0.026467843 0.997117519 -0.071106695 -0.061448582 -0.999242187 0.024359383 -0.030357443 4.637384415
-0.032244816 0.069398254 0.997067809 1.185677886 0.024218164 0.997347832 -0.068634555 -0.064137720 -0.999186516 0.021934036 -0.033839997 4.636089325
-0.034777690 0.062302027 0.997451246 1.247162342 0.021930695 0.997862220 -0.061563049 -0.068169035 -0.999154389 0.019733775 -0.036069673 4.634097099
-0.035820674 0.057121430 0.997724414 1.308341622 0.023439869 0.998138487 -0.056303594 -0.070652194 -0.999083281 0.021369698 -0.037092909 4.632009506
-0.035478748 0.054156385 0.997902036 1.368823767 0.026077507 0.998240888 -0.053247631 -0.074274719 -0.999030173 0.024133630 -0.036828596 4.627913952
-0.035969842 0.056417331 0.997759104 1.431983232 0.029248459 0.998037040 -0.055378608 -0.078000210 -0.998924792 0.027190959 -0.037549358 4.626221180
-0.035711709 0.063554682 0.997339249 1.493939042 0.029934624 0.997596025 -0.062499173 -0.081639364 -0.998913765 0.027623018 -0.037528343 4.625210762
-0.033082131 0.071852490 0.996866465 1.557994485 0.031161102 0.997001708 -0.070828117 -0.084300995 -0.998966753 0.028720317 -0.035221942 4.622529984
-0.030519634 0.072967783 0.996867180 1.622199059 0.031588145 0.996904135 -0.072003372 -0.086922377 -0.999034941 0.029291671 -0.032730058 4.620263577
-0.028892053 0.068141811 0.997257233 1.689273477 0.031202426 0.997248948 -0.067237273 -0.091539159 -0.999095440 0.029174227 -0.030938761 4.618894100
-0.026113810 0.061743192 0.997750401 1.755625486 0.030514363 0.997674823 -0.060939875 -0.095480569 -0.999193192 0.028854346 -0.027937148 4.617313862
-0.023416333 0.059583716 0.997948647 1.822105765 0.028556380 0.997854888 -0.058908064 -0.100574188 -0.999317884 0.027118390 -0.025067596 4.616712093
-0.020236837 0.065568440 0.997642875 1.887621284 0.036365561 0.997235179 -0.064803965 -0.103920765 -0.999133587 0.034968413 -0.022565320 4.613943577
-0.017129306 0.070942536 0.997333348 1.953184962 0.037777267 0.996813297 -0.070256710 -0.107752062 -0.999139369 0.036473073 -0.019754732 4.613226891
-0.013850910 0.071557753 0.997340262 2.019466162 0.031824786 0.996962130 -0.071088649 -0.111590862 -0.999397516 0.030755499 -0.016086141 4.611784458
-0.011036727 0.068218447 0.997609437 2.086393356 0.027340328 0.997317731 -0.067896031 -0.115723655 -0.999565244 0.026525615 -0.012872238 4.613194942
-0.006965216 0.064186089 0.997913659 2.154333115 0.031478550 0.997457325 -0.063937023 -0.120761782 -0.999480069 0.030967545 -0.008967991 4.613076687
-0.003381222 0.065051369 0.997876227 2.219493866 0.036145873 0.997237802 -0.064887270 -0.125571027 -0.999340773 0.035849705 -0.005723221 4.612154007
-0.000685758 0.069557741 0.997577727 2.284565210 0.035337970 0.996956527 -0.069490135 -0.129756793 -0.999375165 0.035204723 -0.003141702 4.612238884
0.003281000 0.070819758 0.997483671 2.354105234 0.032062769 0.996968746 -0.070888661 -0.133068100 -0.999480486 0.032214671 0.001000377 4.612870216
0.006745982 0.070230424 0.997507930 2.421393633 0.031014225 0.997036099 -0.070406951 -0.137220025 -0.999496222 0.031411901 0.004547845 4.614242077
0.010363319 0.066742063 0.997716367 2.488497734 0.035292961 0.997123957 -0.067069016 -0.142560080 -0.999323308 0.035907421 0.007977990 4.615133762
0.013825400 0.067047462 0.997654021 2.553779840 0.039747532 0.996923864 -0.067549214 -0.147684321 -0.999114156 0.040588181 0.011117900 4.615786552
0.017819913 0.068301372 0.997505546 2.621250629 0.043074366 0.996685207 -0.069014713 -0.151048720 -0.998912930 0.044196751 0.014818807 4.615334034
0.020100530 0.068117492 0.997474790 2.688507318 0.043285716 0.996681571 -0.068935603 -0.155470520 -0.998860478 0.044562053 0.017085316 4.617398262
0.023899272 0.066663340 0.997489214 2.754858971 0.044122137 0.996731639 -0.067669861 -0.159997612 -0.998740256 0.045628615 0.020879835 4.618898869
0.027793407 0.065910876 0.997438371 2.822392702 0.046842914 0.996641695 -0.067163512 -0.163851470 -0.998515546 0.048589617 0.024612611 4.619964123
0.030334136 0.065744214 0.997375309 2.888994932 0.045471326 0.996710718 -0.067083366 -0.168601751 -0.998504996 0.047386892 0.027244879 4.622714520
0.033536483 0.067377284 0.997163713 2.955221653 0.042409252 0.996730387 -0.068774305 -0.172756493 -0.998537362 0.044595417 0.030569417 4.625867367
0.036502846 0.067567140 0.997046769 3.023269653 0.044383049 0.996617615 -0.069162965 -0.176576421 -0.998347521 0.046776623 0.033380542 4.627406597
0.039478172 0.067638308 0.996928573 3.094012737 0.042118784 0.996706963 -0.069291182 -0.181164876 -0.998332322 0.044724900 0.036499321 4.630077362
0.041489843 0.067700148 0.996842623 3.161206961 0.040571563 0.996764719 -0.069383495 -0.185609952 -0.998314857 0.043322176 0.038608905 4.633172035
0.044328500 0.067378767 0.996742249 3.229562759 0.037276462 0.996916652 -0.069048367 -0.190873817 -0.998321295 0.040215831 0.041680172 4.637129784
0.047404170 0.069607146 0.996447563 3.299360514 0.036384996 0.996786773 -0.071361788 -0.194850117 -0.998212874 0.039638579 0.044719189 4.641455173
0.051377907 0.073290654 0.995986402 3.367716551 0.034787804 0.996566951 -0.075127907 -0.199234277 -0.998073101 0.038508087 0.048651904 4.643813133
0.054298449 0.074983045 0.995705426 3.437211514 0.035079073 0.996417701 -0.076949656 -0.204712197 -0.997908354 0.039106663 0.051473599 4.648147583
0.057093170 0.077520631 0.995354712 3.507606268 0.029344253 0.996419907 -0.079286754 -0.209008679 -0.997937441 0.033734672 0.054613985 4.653759956
0.059803568 0.076903909 0.995243311 3.579329967 0.025157835 0.996595025 -0.078520082 -0.213751554 -0.997893095 0.029733954 0.057665206 4.659283161
0.062525868 0.076954767 0.995072067 3.649525642 0.027639685 0.996507049 -0.078802481 -0.219554961 -0.997660518 0.032430679 0.060180455 4.665223598
0.067541495 0.077842861 0.994675100 3.718511343 0.026981365 0.996444523 -0.079813458 -0.224824622 -0.997351646 0.032228410 0.065201044 4.667411804
0.070300676 0.079630457 0.994342446 3.793536186 0.022206020 0.996436596 -0.081368163 -0.229842603 -0.997278631 0.027800625 0.068281904 4.676362991
0.074881025 0.077684820 0.994161904 3.864134312 0.021102320 0.996614218 -0.079465888 -0.234593153 -0.996969163 0.026929611 0.072988167 4.680852890
0.079564415 0.077364646 0.993823051 3.936099291 0.020831140 0.996636987 -0.079251416 -0.240567014 -0.996612012 0.027008062 0.077685252 4.686948299
0.084477663 0.081124641 0.993117452 4.008769035 0.017304547 0.996410429 -0.082865611 -0.246017814 -0.996275067 0.024185741 0.082770616 4.693908691
0.090204753 0.089456990 0.991897464 4.078549385 0.015105517 0.995720208 -0.091175467 -0.251876771 -0.995808661 0.023207588 0.088467404 4.702087402
0.097888149 0.095076375 0.990645409 4.155656338 0.014007145 0.995195746 -0.096897170 -0.256195992 -0.995098829 0.023361200 0.096086122 4.708265305
0.104829483 0.097292311 0.989719629 4.228318691 0.010246249 0.995044529 -0.098901019 -0.264494598 -0.994437456 0.020508658 0.103313111 4.717955112
0.111118495 0.095600389 0.989198267 4.300561905 0.006255486 0.995275378 -0.096890390 -0.270366371 -0.993787408 0.016954232 0.109995477 4.728606701
0.119850092 0.094050735 0.988327146 4.376431942 0.005913852 0.995417356 -0.095442586 -0.277018964 -0.992774367 0.017283626 0.118744671 4.734779835
0.127604380 0.090776727 0.987662256 4.451642036 0.005629012 0.995720446 -0.092244610 -0.282637060 -0.991809189 0.017330382 0.126547307 4.744134903
0.134080932 0.085286498 0.987293601 4.523660660 0.001345672 0.996273160 -0.086244918 -0.289887756 -0.990969479 0.012892374 0.133466437 4.755081654
0.141163290 0.078208849 0.986892223 4.600411415 -0.000344954 0.996878326 -0.078950904 -0.295012891 -0.989986241 0.010804536 0.140749618 4.767805576
0.149188787 0.075259931 0.985940516 4.674442768 0.000373733 0.997094929 -0.076167934 -0.301082075 -0.988808632 0.011731880 0.148727253 4.778816223
0.156400397 0.076740317 0.984708011 4.746480942 -0.000037682 0.996977568 -0.077690504 -0.307507277 -0.987693667 0.012113721 0.155930534 4.790596485
0.161691949 0.083732225 0.983282626 4.818389416 0.000920321 0.996380627 -0.084998935 -0.312043995 -0.986840844 0.014648578 0.161029667 4.803270817
0.167209834 0.087538570 0.982027411 4.892089367 -0.001367024 0.996070087 -0.088557594 -0.318401098 -0.985920310 0.013465244 0.166672379 4.815735340
0.171610504 0.090017363 0.981043637 4.962991714 -0.002453977 0.995852649 -0.090946920 -0.324921042 -0.985161781 0.013199990 0.171119705 4.830007076
0.177691132 0.089765899 0.979983628 5.032920837 -0.004617580 0.995896041 -0.090386219 -0.330828637 -0.984075427 0.011535676 0.177376404 4.842025280
0.182242528 0.086770281 0.979417443 5.102262497 -0.000840464 0.996111929 -0.088092916 -0.337301642 -0.983253241 0.015231112 0.181606904 4.856555939
0.187237859 0.080134794 0.979040504 5.175599575 -0.000235041 0.996670604 -0.081532873 -0.343117207 -0.982314587 0.015035925 0.186633259 4.869385242
0.190173060 0.073803671 0.978972495 5.243862629 -0.002208781 0.997199893 -0.074748747 -0.348675847 -0.981748104 0.012052861 0.189803571 4.884141922
0.193512842 0.071157098 0.978513896 5.311295986 -0.006153193 0.997434795 -0.071316138 -0.353174299 -0.981078446 0.007779602 0.193454266 4.897999763
0.197016060 0.070991457 0.977826595 5.380051613 -0.007440771 0.997454464 -0.070917264 -0.358733416 -0.980372012 0.006696058 0.197042778 4.911892891
0.198330015 0.072830848 0.977425635 5.444623947 -0.009451394 0.997331142 -0.072396271 -0.363804996 -0.980089724 0.005120321 0.198489055 4.927479744
0.200671673 0.077492997 0.976588786 5.511084080 -0.013906796 0.996991515 -0.076254360 -0.368563682 -0.979559839 0.001720869 0.201145604 4.940409660
0.202994898 0.081700958 0.975765407 5.573799133 -0.015022072 0.996655524 -0.080324963 -0.373207569 -0.979064524 0.001647537 0.203543290 4.953861713
0.204489782 0.086957023 0.974998653 5.636937141 -0.015599926 0.996209383 -0.085576922 -0.378403515 -0.978744388 0.002289698 0.205071181 4.968758583
0.206188232 0.088140212 0.974534690 5.699875832 -0.014255603 0.996099710 -0.087074496 -0.384406835 -0.978408515 0.004061156 0.206640542 4.982490063
0.207521290 0.088656925 0.974204838 5.762492657 -0.016730776 0.996060669 -0.087081991 -0.388956308 -0.978087425 0.001772162 0.208187118 4.996462822
0.208197340 0.086005554 0.974298179 5.822987080 -0.017250637 0.996294379 -0.084260985 -0.394245982 -0.977934718 0.000735650 0.208909482 5.010219574
0.208980352 0.083015010 0.974389851 5.883581161 -0.016341038 0.996547639 -0.081398070 -0.399511099 -0.977783322 0.001088057 0.209615439 5.022973537
0.209309116 0.081715345 0.974429190 5.941988945 -0.015868936 0.996654809 -0.080170490 -0.404465050 -0.977720737 0.001317261 0.209905669 5.035256863
0.206972420 0.081058428 0.974983037 6.000555515 -0.016214825 0.996709108 -0.079422563 -0.409240037 -0.978212416 0.000629101 0.207605690 5.049743652
0.205692381 0.081986941 0.975176275 6.058747768 -0.017384360 0.996633232 -0.080124088 -0.414240211 -0.978462279 -0.000471901 0.206425190 5.061061382
0.203143343 0.084801815 0.975469828 6.115561485 -0.018118836 0.996397436 -0.082847871 -0.419086754 -0.978981376 -0.000844386 0.203948036 5.074134827
0.201208323 0.088474452 0.975544631 6.170051098 -0.015732244 0.996076047 -0.087091669 -0.423815638 -0.979422152 0.002176068 0.201810747 5.084547520
0.200322300 0.089261197 0.975655377 6.224924564 -0.013006859 0.995995522 -0.088451512 -0.427802682 -0.979643762 0.005028600 0.200681135 5.094787598
0.196860045 0.088356219 0.976442158 6.277634621 -0.014523958 0.996084511 -0.087205432 -0.432211965 -0.980323970 0.002985458 0.197372511 5.107385159
0.194971710 0.085038565 0.977115393 6.332036972 -0.014785325 0.996375799 -0.083764583 -0.437157154 -0.980697334 0.001884754 0.195522428 5.116897583
0.192687839 0.081121050 0.977901220 6.385063171 -0.014427935 0.996703386 -0.079837851 -0.442045063 -0.981153965 0.001274689 0.193223044 5.127731323
0.191053584 0.080051042 0.978310049 6.436356068 -0.010722254 0.996779740 -0.079468422 -0.446708053 -0.981521070 0.004693033 0.191296667 5.137146950
0.189585820 0.081354044 0.978487968 6.487123489 -0.006676680 0.996645212 -0.081570059 -0.450838864 -0.981841505 0.008931473 0.189492956 5.146129131
0.186566293 0.083536007 0.978884578 6.536435127 -0.002564960 0.996416450 -0.084543295 -0.454430521 -0.982439041 0.013262129 0.186112016 5.155977726
0.184750229 0.085513867 0.979058087 6.586139679 -0.003107662 0.996253192 -0.086429305 -0.458365142 -0.982780635 0.012925253 0.184323728 5.165575981
0.182945892 0.088069342 0.979170382 6.635599613 -0.003335739 0.996029437 -0.088962451 -0.462184340 -0.983117282 0.013009059 0.182513267 5.175600052
0.182600886 0.086232193 0.979398251 6.685893059 -0.001886667 0.996175230 -0.087357573 -0.467039019 -0.983185410 0.014103774 0.182065159 5.183495998
0.183549330 0.084390752 0.979381323 6.736102104 0.004365267 0.996228278 -0.086660527 -0.471151561 -0.983000815 0.020181742 0.182488635 5.191363811
0.185702115 0.083018638 0.979092777 6.786844254 0.008968980 0.996239781 -0.086173683 -0.474500805 -0.982565105 0.024784097 0.184259251 5.200656414
0.188124970 0.081995934 0.978716373 6.837075710 0.011676318 0.996251822 -0.085709415 -0.479351401 -0.982075691 0.027551884 0.186462432 5.209377289
0.190966994 0.082261637 0.978143454 6.888750553 0.008906027 0.996296048 -0.085527040 -0.482912540 -0.981556058 0.025044214 0.189527035 5.220742226
0.196361288 0.082722589 0.977035940 6.939210415 0.007559831 0.996277571 -0.085871071 -0.487340391 -0.980502486 0.024247982 0.195004985 5.231289864
0.203063816 0.081655666 0.975754797 6.991589069 0.008711956 0.996326625 -0.085190244 -0.491326183 -0.979126751 0.025799792 0.201606467 5.242269039
0.210420623 0.082164899 0.974151969 7.043504238 0.006952515 0.996310830 -0.085535660 -0.494749337 -0.977586210 0.024771275 0.209073067 5.254525185
0.218983635 0.080033444 0.972440660 7.096325874 0.007146982 0.996472001 -0.083620682 -0.499141067 -0.975702345 0.025261579 0.217639044 5.267302990
0.227897763 0.079562664 0.970428884 7.149782181 0.003701094 0.996577859 -0.082575716 -0.503610075 -0.973678052 0.022410469 0.226823434 5.280119419
0.237434149 0.079180777 0.968171120 7.202884674 0.002926436 0.996609509 -0.082224250 -0.507688284 -0.971399248 0.022356139 0.236397415 5.294242382
0.247443035 0.082933933 0.965346575 7.256958008 -0.002913171 0.996389091 -0.084854119 -0.512344539 -0.968898058 0.018184341 0.246791169 5.308570385
0.256285667 0.085221902 0.962836921 7.311782837 -0.006011657 0.996226966 -0.086577140 -0.516171992 -0.966582417 0.016400229 0.255831033 5.325479031
0.266968846 0.087968417 0.959681809 7.366908073 -0.009944269 0.996023536 -0.088533305 -0.520149529 -0.963653803 0.014092301 0.266782075 5.342128754
0.277319789 0.090100020 0.956543684 7.423058987 -0.011526462 0.995833516 -0.090459116 -0.524404347 -0.960708559 0.014060537 0.277202904 5.358894348
0.287082225 0.090319388 0.953638434 7.481334209 -0.014410942 0.995839596 -0.089978009 -0.529961050 -0.957797527 0.012088257 0.287189394 5.377993584
0.297475725 0.090504602 0.950430036 7.538778782 -0.015062923 0.995817661 -0.090112090 -0.534498990 -0.954610527 0.012489904 0.297594875 5.397370338
0.307895899 0.092216194 0.946940541 7.596498489 -0.019750642 0.995696783 -0.090542369 -0.538555145 -0.951215029 0.009174942 0.308392316 5.416272163
0.318164080 0.087457113 0.943993032 7.657896519 -0.019332340 0.996127188 -0.085771360 -0.543199480 -0.947838545 0.009039766 0.318622649 5.438324928
0.329008460 0.080605805 0.940880477 7.719164848 -0.015499908 0.996676981 -0.079965889 -0.547203362 -0.944199741 0.011725894 0.329164535 5.459649086
0.339567691 0.075938381 0.937511206 7.785419464 -0.014259231 0.997036636 -0.075595237 -0.553174615 -0.940473497 0.012301507 0.339644253 5.485002041
0.349954873 0.072926320 0.933923602 7.845725060 -0.015250138 0.997276485 -0.072158843 -0.557212293 -0.936642408 0.011009879 0.350113928 5.508184433
0.359531134 0.070164129 0.930491388 7.908686638 -0.008863185 0.997380793 -0.071783319 -0.561276615 -0.933090985 0.017561223 0.359211355 5.532281876
0.368475229 0.064336136 0.927408636 7.974022865 -0.001607529 0.997645020 -0.068569869 -0.565272450 -0.929636180 0.023775464 0.367710859 5.557198524
0.375268072 0.055201177 0.925271153 8.041233063 0.007820794 0.998000920 -0.062712125 -0.569047093 -0.926883280 0.030770211 0.374086171 5.584309578
0.382421494 0.050910555 0.922584295 8.107595444 0.012677831 0.998097837 -0.060332678 -0.573602438 -0.923900962 0.034768887 0.381048620 5.610640049
0.389961421 0.050342143 0.919454038 8.174366951 0.015325371 0.998011351 -0.061143175 -0.578421116 -0.920703650 0.037934460 0.388414443 5.638296127
0.397273988 0.057287078 0.915910184 8.241280556 0.016953848 0.997421265 -0.069738999 -0.582055986 -0.917543471 0.043233693 0.395278275 5.668736935
0.403960675 0.061623491 0.912698388 8.305809975 0.021154081 0.996832311 -0.076666847 -0.585520506 -0.914531767 0.050277680 0.401377410 5.697725296
0.409252286 0.063849151 0.910184503 8.371862411 0.019110389 0.996729851 -0.078513019 -0.590222657 -0.912221134 0.049525604 0.406693757 5.728044033
0.413096398 0.065548785 0.908325255 8.434769630 0.011734482 0.996940315 -0.077280357 -0.595597208 -0.910611749 0.042582959 0.411063284 5.759197235
0.417067260 0.068998501 0.906252861 8.500092506 0.005233738 0.996915340 -0.078309819 -0.601119637 -0.908860624 0.037403543 0.415419638 5.790344238
0.421442270 0.072358496 0.903963804 8.563627243 0.004236213 0.996643662 -0.081752114 -0.606312215 -0.906845331 0.038283184 0.419721305 5.820005417
0.425693780 0.076385930 0.901637316 8.625939369 0.001167216 0.996383369 -0.084963821 -0.611698270 -0.904866517 0.037220970 0.424065024 5.848466873
0.429926991 0.078605689 0.899435282 8.686182976 -0.000629022 0.996228635 -0.086764216 -0.617102087 -0.902863503 0.036736511 0.428355008 5.876758099
0.433301806 0.077783786 0.897885978 8.748968124 -0.003039491 0.996389031 -0.084850296 -0.622372985 -0.901243746 0.034036670 0.431973606 5.908382893
0.437943697 0.074689656 0.895894408 8.810601234 -0.001718543 0.996610522 -0.082246184 -0.627977967 -0.899000764 0.034479558 0.436587662 5.938709736
0.441082716 0.071813419 0.894588649 8.870556831 -0.002405562 0.996884406 -0.078839183 -0.634704590 -0.897463202 0.032622609 0.439881235 5.968362808
0.444443822 0.071062274 0.892983615 8.927851677 -0.003553770 0.996980608 -0.077569455 -0.639886558 -0.895799696 0.031301808 0.443354368 5.997874260
0.447700113 0.072835259 0.891212463 8.986749649 -0.005673407 0.996888340 -0.078621708 -0.644968390 -0.894165754 0.030142734 0.446720243 6.029258251
0.449901193 0.073728263 0.890029907 9.042242050 -0.005347440 0.996791005 -0.079869069 -0.649738729 -0.893062294 0.031173807 0.448851705 6.058008671
0.452714682 0.071810506 0.888759077 9.097778320 -0.003560527 0.996889353 -0.078733630 -0.654465556 -0.891648293 0.032479420 0.451562107 6.084304810
0.454786777 0.070440151 0.887810230 9.154715538 -0.000583682 0.996890604 -0.078795731 -0.658930898 -0.890600145 0.035317071 0.453413755 6.114023209
0.456284314 0.069874480 0.887086272 9.208299637 -0.001564426 0.996973634 -0.077725440 -0.664010048 -0.889832616 0.034077130 0.455012709 6.142690182
0.458330095 0.069417112 0.886066973 9.261711121 -0.000865667 0.996979594 -0.077658556 -0.669190526 -0.888781548 0.034826219 0.457005888 6.169663429
0.460375249 0.071204253 0.884864092 9.313552856 -0.001241076 0.996828556 -0.079568230 -0.673366427 -0.887723565 0.035533063 0.459003627 6.198198318
0.463965744 0.071324036 0.882977188 9.365076065 0.002082322 0.996662855 -0.081601366 -0.677479029 -0.885850668 0.039698884 0.462268919 6.223669529
0.466972142 0.070856124 0.881428659 9.416742325 0.003889894 0.996610165 -0.082176164 -0.681767583 -0.884263456 0.041802637 0.465113640 6.251954079
0.470210582 0.069042638 0.879849553 9.465883255 0.006714528 0.996626675 -0.081794642 -0.686417937 -0.882528663 0.044368476 0.468160838 6.276774883
0.473655164 0.068209574 0.878065109 9.515216827 0.008334146 0.996604562 -0.081913635 -0.690132797 -0.880670905 0.046116736 0.471478492 6.302962780
0.476638138 0.067576490 0.876498401 9.563326836 0.008847706 0.996621847 -0.081649169 -0.695563734 -0.879055083 0.046672106 0.474429995 6.330227852
0.480493993 0.066737540 0.874455035 9.610636711 0.009911875 0.996623337 -0.081507675 -0.699473679 -0.876941979 0.047831442 0.478210032 6.354445457
0.484645545 0.066127062 0.872207463 9.656813622 0.011324852 0.996580362 -0.081849180 -0.703546882 -0.874637425 0.049545463 0.482239306 6.377949238
0.487067997 0.067093670 0.870783091 9.702377319 0.010270375 0.996535778 -0.082527585 -0.709353566 -0.873303652 0.049139816 0.484691650 6.407817841
0.492169291 0.067555472 0.867874146 9.750570297 0.013312369 0.996283472 -0.085100293 -0.712198377 -0.870397687 0.053437207 0.489440769 6.433333397
0.496952295 0.070774056 0.864886940 9.795782089 0.010614187 0.996098340 -0.087609902 -0.717397451 -0.867712915 0.052718006 0.494262099 6.459911823
0.501791120 0.076802962 0.861572444 9.840872765 0.007321106 0.995637476 -0.093017802 -0.721454501 -0.864957809 0.052983176 0.499039829 6.488089085
0.507491112 0.083975688 0.857555151 9.885324478 0.002047629 0.995119274 -0.098658361 -0.726036906 -0.861654520 0.051824197 0.504842281 6.516357422
0.514156103 0.090214550 0.852938890 9.931171417 -0.003155639 0.994645119 -0.103300452 -0.731034458 -0.857690692 0.050421000 0.511687636 6.543427467
0.520497561 0.094881773 0.848575115 9.975448608 -0.006938129 0.994244039 -0.106913760 -0.735367835 -0.853834927 0.049760830 0.518159866 6.571443558
0.525878847 0.095388152 0.845193803 10.021203995 -0.011130407 0.994378209 -0.105299704 -0.740320921 -0.850486636 0.045967542 0.523984194 6.601656437
0.531278610 0.094279259 0.841934979 10.067373276 -0.017847592 0.994813621 -0.100136302 -0.745756090 -0.847009122 0.038173761 0.530205786 6.632858753
0.537163675 0.092231929 0.838420212 10.112626076 -0.024133079 0.995277226 -0.094025560 -0.749797106 -0.843132675 0.030273456 0.536852658 6.663559914
0.544378698 0.089924335 0.834005594 10.157898903 -0.030687498 0.995706737 -0.087328717 -0.755940914 -0.838277996 0.021946358 0.544801235 6.690414429
0.549206018 0.088536203 0.830983818 10.204932213 -0.033445191 0.995904028 -0.084003165 -0.759448647 -0.835017443 0.018342625 0.549917638 6.727144718
0.555731535 0.091890335 0.826267898 10.253145218 -0.038373448 0.995648742 -0.084918171 -0.764258027 -0.830475628 0.015484960 0.556839645 6.760567188
0.560889482 0.096412018 0.822257698 10.301569939 -0.042303290 0.995236158 -0.087837741 -0.767574847 -0.826809168 0.014483066 0.562296033 6.796945572
0.566371620 0.099961661 0.818065345 10.349886894 -0.044865094 0.994884849 -0.090506241 -0.771123230 -0.822927892 0.014557592 0.567959189 6.834001541
0.573690772 0.101769790 0.812724948 10.397867203 -0.047954202 0.994722247 -0.090709403 -0.777346730 -0.817666888 0.013065573 0.575543225 6.866531849
0.579990685 0.102521464 0.808146179 10.448441505 -0.050561976 0.994666934 -0.089896150 -0.781755924 -0.813052416 0.011277465 0.582081258 6.904037476
0.585367858 0.105584592 0.803863525 10.500225067 -0.057408936 0.994393229 -0.088805206 -0.785736978 -0.808732748 0.005834765 0.588147223 6.946187496
0.592809677 0.103115857 0.798713923 10.551731110 -0.057148729 0.994655073 -0.085996233 -0.790710568 -0.803312302 0.005333920 0.595534086 6.984569073
0.600369811 0.101419844 0.793265581 10.604967117 -0.057942759 0.994835377 -0.083337747 -0.795521915 -0.797620773 0.004069469 0.603145719 7.027045727
