0.999315202 0.001009955 -0.036988392 -0.061446954 -0.001001643 0.999999464 0.000243268 -0.011461906 0.036988616 -0.000206052 0.999315619 1.770699859
0.999311268 0.001496947 -0.037076801 -0.070546716 -0.001553649 0.999997675 -0.001500531 -0.013127333 0.037074473 0.001557102 0.999311209 2.049153805
0.999405682 0.001037804 -0.034455247 -0.080949612 -0.001192560 0.999989271 -0.004471246 -0.023728119 0.034450233 0.004509680 0.999396205 2.336351871
0.999576151 0.002087998 -0.029035784 -0.086391233 -0.002277653 0.999976158 -0.006500228 -0.022091070 0.029021516 0.006563605 0.999557257 2.632123232
0.999776185 0.002703301 -0.020979526 -0.090549730 -0.002836038 0.999976158 -0.006299826 -0.026890362 0.020961992 0.006357916 0.999760032 2.933659792
0.999926090 0.002726972 -0.011843302 -0.086297400 -0.002788664 0.999982536 -0.005195605 -0.023825858 0.011828927 0.005228248 0.999916375 3.258577108
0.999997199 0.002332607 -0.000442173 -0.080420375 -0.002334221 0.999990404 -0.003683925 -0.029387943 0.000433575 0.003684947 0.999993145 3.573695660
0.999919415 0.001743162 0.012578149 -0.065919340 -0.001698070 0.999992132 -0.003594700 -0.034572616 -0.012584316 0.003573052 0.999914408 3.892489195
0.999611259 0.000384311 0.027875641 -0.042558342 -0.000232629 0.999985158 -0.005444451 -0.037449926 -0.027877318 0.005435851 0.999596715 4.218492508
0.998978674 -0.001945514 0.045142077 -0.013235867 0.002219527 0.999979436 -0.006020689 -0.039305151 -0.045129433 0.006114733 0.998962402 4.558711529
0.997993410 -0.003115390 0.063240528 0.025338531 0.003391393 0.999985158 -0.004257454 -0.045444444 -0.063226342 0.004463385 0.997989237 4.903885841
0.996547163 -0.002333101 0.082996637 0.070844531 0.002456229 0.999996006 -0.001381451 -0.053403933 -0.082993105 0.001580539 0.996548951 5.257707119
0.994516611 0.002004383 0.104559392 0.105337352 -0.001990640 0.999997973 -0.000235795 -0.057550568 -0.104559638 0.000026362 0.994518638 5.624348640
0.991858661 0.002125547 0.127325252 0.166186690 -0.001795809 0.999994695 -0.002704461 -0.053920619 -0.127330333 0.002453791 0.991857350 5.991306782
0.988292813 0.001083993 0.152564704 0.246482968 -0.000309104 0.999987066 -0.005102709 -0.066017270 -0.152568236 0.004995814 0.988280296 6.361909389
0.983272016 0.000213589 0.182143182 0.340315700 0.001174921 0.999971092 -0.007515241 -0.072759986 -0.182139516 0.007603530 0.983243287 6.737655640
0.976732969 0.001986751 0.214449942 0.440852046 -0.000001643 0.999957144 -0.009256523 -0.083239526 -0.214459121 0.009040800 0.976691067 7.115476608
0.968341768 0.003649188 0.249601603 0.562154770 -0.000730467 0.999930263 -0.011785151 -0.085701488 -0.249627143 0.011229727 0.968276918 7.489969730
0.957403362 0.003002367 0.288738251 0.702356577 0.001162538 0.999897659 -0.014251933 -0.090382464 -0.288751483 0.013980517 0.957301915 7.868732929
0.944398344 0.002767752 0.328791708 0.868332505 0.002766648 0.999862373 -0.016363518 -0.096486710 -0.328791767 0.016363330 0.944260776 8.234675407
0.928346932 0.002156821 0.371708423 1.054240227 0.004742279 0.999832988 -0.017645391 -0.092369422 -0.371684462 0.018143792 0.928181827 8.604803085
0.909469604 0.000048800 0.415770352 1.250413418 0.006896567 0.999860644 -0.015203132 -0.112286463 -0.415713191 0.016694171 0.909342527 8.959396362
0.887645721 -0.002695119 0.460518867 1.478853941 0.009393940 0.999880791 -0.012255076 -0.120942309 -0.460430920 0.015204252 0.887565255 9.316993713
0.863899708 -0.005768036 0.503630757 1.711037159 0.012263536 0.999878883 -0.009584656 -0.129113585 -0.503514409 0.014456475 0.863865852 9.655223846
0.837046266 -0.007725127 0.547077537 1.959427834 0.013838625 0.999879420 -0.007054527 -0.138159797 -0.546957135 0.013475766 0.837052166 10.005214691
0.808926940 -0.009486832 0.587832630 2.249414921 0.015081546 0.999875605 -0.004617328 -0.150536820 -0.587715745 0.012600508 0.808969378 10.331300735
0.777981102 -0.012415328 0.628165007 2.548609257 0.019381799 0.999803126 -0.004243772 -0.157890320 -0.627988696 0.015476543 0.778068602 10.644729614
0.744760275 -0.012514576 0.667214811 2.848379612 0.020755311 0.999774814 -0.004415328 -0.160723060 -0.667009413 0.017136613 0.744852245 10.944810867
0.709667623 -0.010795158 0.704453886 3.185363293 0.019672450 0.999796331 -0.004497018 -0.174702361 -0.704261959 0.017049724 0.709735394 11.240285873
0.672485769 -0.007963865 0.740067184 3.540882111 0.018100236 0.999819994 -0.005688298 -0.174517021 -0.739888728 0.017220695 0.672508776 11.519351006
0.631970346 -0.003658606 0.774983943 3.924176693 0.015194175 0.999855101 -0.007670086 -0.182052091 -0.774843633 0.016622508 0.631934345 11.805103302
0.589460731 -0.001258613 0.807796061 4.322301388 0.014275049 0.999858856 -0.008858855 -0.190530032 -0.807670891 0.016753275 0.589395523 12.053499222
0.544309080 -0.000642342 0.838884532 4.755069256 0.013444629 0.999877930 -0.007957915 -0.195391089 -0.838777006 0.015610053 0.544251323 12.305000305
0.498294681 -0.004892624 0.866993964 5.220107555 0.018816346 0.999809563 -0.005172345 -0.193371207 -0.866803527 0.018891010 0.498291790 12.518920898
0.449917436 -0.006712553 0.893044949 5.699236870 0.019956948 0.999797642 -0.002539385 -0.207667887 -0.892847061 0.018964965 0.449960381 12.714040756
0.399187863 -0.005487396 0.916852713 6.186368942 0.018771263 0.999821424 -0.002188839 -0.207711905 -0.916676939 0.018084239 0.399219602 12.898542404
0.349452406 -0.004007401 0.936945558 6.708436966 0.016289672 0.999865711 -0.001799038 -0.208181590 -0.936812460 0.015891213 0.349470764 13.059104919
0.298608214 -0.004655763 0.954364419 7.235114098 0.015149315 0.999885201 0.000137807 -0.215846181 -0.954255462 0.014416818 0.298644453 13.204118729
0.249358386 -0.006376442 0.968390405 7.779677391 0.018107461 0.999834180 0.001920856 -0.211794078 -0.968241930 0.017056109 0.249432534 13.315104485
0.204194978 -0.010127415 0.978877842 8.353355408 0.024180476 0.999693573 0.005298699 -0.213359922 -0.978631496 0.022587771 0.204377264 13.398309708
0.164223626 -0.013300868 0.986333489 8.930844307 0.027342912 0.999586284 0.008927014 -0.202968210 -0.986044109 0.025503200 0.164519340 13.471431732
0.128307343 -0.016067930 0.991604269 9.547300339 0.026340889 0.999571145 0.012788683 -0.206006408 -0.991384566 0.024478851 0.128675535 13.530706406
0.098043516 -0.017315419 0.995031476 10.151468277 0.023953890 0.999599993 0.015034672 -0.202340752 -0.994893730 0.022360820 0.098419055 13.595642090
0.073721409 -0.017804019 0.997119963 10.801826477 0.032000829 0.999368012 0.015478199 -0.212338388 -0.996765316 0.030767588 0.074244559 13.599586487
0.051878743 -0.013925351 0.998556316 11.452981949 0.035707731 0.999289274 0.012080420 -0.200041443 -0.998014748 0.035029460 0.052339118 13.610576630
0.032531571 -0.009717681 0.999423385 12.109420776 0.039056230 0.999201357 0.008444227 -0.186902523 -0.998707294 0.038759012 0.032885119 13.620156288
0.017244492 -0.008399026 0.999816000 12.794862747 0.036510728 0.999303102 0.007764993 -0.181975216 -0.999184430 0.036370113 0.017539131 13.631872177
0.004580969 -0.009787590 0.999941528 13.501045227 0.036147613 0.999300301 0.009615709 -0.182194978 -0.999335945 0.036101457 0.004931562 13.625729561
-0.007694277 -0.009352247 0.999926627 14.200080872 0.035137981 0.999336243 0.009617106 -0.183035403 -0.999352813 0.035209399 -0.007360550 13.622278214
-0.019151838 -0.008916177 0.999776840 14.933769226 0.036993030 0.999269128 0.009620292 -0.177358598 -0.999131978 0.037169024 -0.018808005 13.597157478
-0.028914263 -0.007758130 0.999551713 15.669744492 0.037850015 0.999244153 0.008850638 -0.171816751 -0.998865068 0.038088959 -0.028598767 13.568827629
-0.036769476 -0.008447926 0.999288082 16.416875839 0.039039344 0.999188781 0.009883566 -0.171445295 -0.998560905 0.039374959 -0.036409844 13.554110527
-0.042867504 -0.009407529 0.999036491 17.178371429 0.039346501 0.999163985 0.011097044 -0.167782664 -0.998305678 0.039784290 -0.042461511 13.539238930
-0.046684042 -0.011449402 0.998844087 18.004669189 0.040884912 0.999074519 0.013362926 -0.162384570 -0.998072684 0.041461486 -0.046172723 13.461021423
-0.051685311 -0.011585941 0.998596251 18.790964127 0.039186742 0.999139071 0.013620465 -0.157493934 -0.997894287 0.039835703 -0.051186800 13.435109138
-0.055691551 -0.011975211 0.998376191 19.595462799 0.039052576 0.999136686 0.014162771 -0.155503631 -0.997683942 0.039777908 -0.055175811 13.384002686
-0.059520058 -0.012646917 0.998146951 20.384481430 0.041053765 0.999042749 0.015106327 -0.151845634 -0.997382522 0.041876826 -0.058943890 13.359972000
-0.061382152 -0.013186434 0.998027146 21.200962067 0.043115925 0.998944342 0.015850330 -0.143557608 -0.997182608 0.044003792 -0.060748793 13.305025101
-0.062539786 -0.012325234 0.997966349 22.013019562 0.044254031 0.998906016 0.015110116 -0.139173210 -0.997060835 0.045109022 -0.061925929 13.265467644
-0.062546037 -0.011216676 0.997979045 22.896654129 0.046563104 0.998815179 0.014144309 -0.138745427 -0.996955276 0.047353670 -0.061949648 13.199277878
-0.063072495 -0.010167367 0.997957170 23.706724167 0.046814691 0.998817205 0.013134893 -0.124769121 -0.996910334 0.047547504 -0.062521912 13.159532547
-0.063865066 -0.009347258 0.997914791 24.570917130 0.047302749 0.998803854 0.012382892 -0.112197787 -0.996836841 0.047994941 -0.063346520 13.117009163
-0.064018168 -0.009643627 0.997902155 25.474538803 0.048521835 0.998740494 0.012764541 -0.115933657 -0.996768415 0.049237210 -0.063469611 13.053714752
-0.064984396 -0.009489603 0.997841179 26.354396820 0.048824623 0.998726904 0.012677731 -0.112330168 -0.996691108 0.049543068 -0.064438343 13.018336296
-0.064765386 -0.008672860 0.997862816 27.303464890 0.049117085 0.998722494 0.011868232 -0.102406383 -0.996690989 0.049780764 -0.064256646 12.937131882
-0.065211087 -0.009013078 0.997830749 28.228080750 0.049904339 0.998678446 0.012282125 -0.102671593 -0.996622860 0.050597012 -0.064675115 12.880336761
-0.065696120 -0.009448336 0.997794867 29.170196533 0.050270278 0.998654008 0.012766332 -0.089431703 -0.996572614 0.050998125 -0.065132722 12.824344635
-0.066237807 -0.009887909 0.997754872 30.115722656 0.049334493 0.998695552 0.013172391 -0.090574056 -0.996583521 0.050096240 -0.065663576 12.762987137
-0.067180894 -0.009087518 0.997699380 31.082956314 0.047795352 0.998781264 0.012315707 -0.092296481 -0.996595442 0.048512775 -0.066664666 12.714727402
-0.068043157 -0.008165109 0.997648895 32.046344757 0.047179870 0.998821378 0.011392538 -0.074358672 -0.996566176 0.047844131 -0.067577727 12.663894653
-0.069469236 -0.008337786 0.997549295 33.004844666 0.045202646 0.998911679 0.011497082 -0.074659616 -0.996559501 0.045890559 -0.069016732 12.621073723
-0.070059754 -0.009036278 0.997501850 34.035552979 0.045193806 0.998903394 0.012223173 -0.075005859 -0.996518493 0.045937262 -0.069574565 12.537635803
-0.071264632 -0.009639209 0.997410834 35.050434113 0.043366563 0.998977780 0.012752877 -0.071847856 -0.996514261 0.044163115 -0.070773780 12.474844933
-0.071756437 -0.010610657 0.997365654 36.045703888 0.043188956 0.998972476 0.013735022 -0.058245063 -0.996486723 0.044060763 -0.071224451 12.412397385
-0.072128586 -0.012255050 0.997319996 37.138164520 0.043618526 0.998929024 0.015429420 -0.060441911 -0.996441126 0.044614531 -0.071516804 12.317079544
-0.073639207 -0.011306135 0.997220814 38.171688080 0.043273713 0.998957634 0.014521349 -0.049106658 -0.996345699 0.044222798 -0.073073193 12.270189285
-0.073999755 -0.009302831 0.997214973 39.172775269 0.042981792 0.998997569 0.012508989 -0.049169868 -0.996331513 0.043787740 -0.073525734 12.189409256
-0.075943060 -0.007598423 0.997083247 40.205848694 0.041965485 0.999060571 0.010809802 -0.048847318 -0.996228576 0.042664006 -0.075552836 12.144834518
