0.995990872 0.000346526 -0.089454472 -0.090658501 -0.000224348 0.999999166 0.001375864 -0.000203774 0.089454845 -0.001350279 0.995989978 0.536078393
0.992913663 -0.000087771 -0.118837468 -0.129465535 0.000194004 0.999999523 0.000882371 0.005357215 0.118837349 -0.000899173 0.992913306 0.689283252
0.988352597 -0.000721478 -0.152179956 -0.166544884 0.000824229 0.999999523 0.000612115 0.006970358 0.152179435 -0.000730417 0.988352597 0.855273664
0.982591212 -0.001205187 -0.185776964 -0.227396429 0.001398457 0.999998629 0.000909292 0.004873512 0.185775608 -0.001153264 0.982591510 1.024038792
0.974942684 -0.001243184 -0.222452149 -0.293078244 0.001462382 0.999998629 0.000820654 0.008151009 0.222450823 -0.001125401 0.974943280 1.198093891
0.965221941 0.000388492 -0.261431456 -0.373447001 0.000102979 0.999998271 0.001866222 0.010259493 0.261431724 -0.001828240 0.965220213 1.380334735
0.953077674 0.002971533 -0.302711278 -0.462788761 -0.002130678 0.999992907 0.003107947 0.018368218 0.302718401 -0.002317134 0.953077197 1.572965860
0.938813269 0.005750493 -0.344378531 -0.565989017 -0.003857562 0.999973476 0.006181599 0.016378300 0.344404936 -0.004474905 0.938810527 1.764011145
0.921786368 0.007720466 -0.387621224 -0.686495125 -0.004877308 0.999953508 0.008318095 0.020171691 0.387667447 -0.005776958 0.921781242 1.968537569
0.901737869 0.008765164 -0.432194471 -0.814029574 -0.004827374 0.999936223 0.010207398 0.023321413 0.432256371 -0.007118033 0.901722729 2.176370382
0.879009247 0.009436943 -0.476711303 -0.951218247 -0.003431026 0.999903440 0.013467538 0.027159091 0.476792365 -0.010202481 0.878956735 2.381734848
0.853827596 0.011330763 -0.520432532 -1.111051321 -0.001543472 0.999813914 0.019235529 0.033382677 0.520553589 -0.015620555 0.853686094 2.591742516
0.826148570 0.016182899 -0.563219965 -1.295430422 -0.003336865 0.999710500 0.023829889 0.042761683 0.563442469 -0.017807640 0.825963318 2.792773962
0.794679284 0.021305434 -0.606655538 -1.483576775 -0.005487351 0.999595106 0.027917208 0.050618157 0.607004762 -0.018856293 0.794474483 2.992226839
0.760699332 0.027778413 -0.648509681 -1.691430807 -0.008410086 0.999421775 0.032944471 0.060791560 0.649049819 -0.019606818 0.760493159 3.188799620
0.724856257 0.031956270 -0.688158572 -1.925173044 -0.008334301 0.999257207 0.037624124 0.077905059 0.688849747 -0.021536758 0.724584162 3.382001400
0.685363293 0.035513710 -0.727334738 -2.162799358 -0.005997492 0.999051511 0.043129478 0.090426140 0.728176534 -0.025197176 0.684926212 3.569544554
0.643993318 0.037620578 -0.764105558 -2.432685375 -0.003071023 0.998909175 0.046592806 0.105528504 0.765024960 -0.027658870 0.643406391 3.750804901
0.599685013 0.039507214 -0.799260318 -2.713137150 -0.000678358 0.998805285 0.048861697 0.122106843 0.800235748 -0.028759448 0.598995447 3.920815229
0.553326845 0.040383965 -0.831984699 -3.008876324 0.001685568 0.998767734 0.049600516 0.134538457 0.832962513 -0.028847657 0.552576900 4.083016396
0.507070601 0.040793672 -0.860938609 -3.332573652 0.002477458 0.998806238 0.048785377 0.158055007 0.861900985 -0.026870571 0.506364167 4.234661579
0.460283041 0.041177444 -0.886816680 -3.659452200 0.003221903 0.998839617 0.048051249 0.175790966 0.887766302 -0.024974415 0.459616303 4.368077278
0.414191991 0.041030295 -0.909264266 -4.008954048 0.005482817 0.998852849 0.047570508 0.193536878 0.910173059 -0.024688652 0.413491845 4.490484238
0.368301898 0.040877480 -0.928807080 -4.382802486 0.008255414 0.998849750 0.047233645 0.224014819 0.929669619 -0.025063926 0.367540747 4.618120193
0.322588474 0.041117411 -0.945645809 -4.763757706 0.011222076 0.998819709 0.047257643 0.249543041 0.946472883 -0.025856880 0.321746290 4.720854282
0.277844846 0.042684160 -0.959677160 -5.167697906 0.016503751 0.998652816 0.049195863 0.271394968 0.960484087 -0.029507097 0.276766121 4.814875603
0.234503046 0.047195178 -0.970969021 -5.584592342 0.017219212 0.998462498 0.052690219 0.294144034 0.971962810 -0.029075345 0.233329862 4.887490273
0.194861025 0.050814994 -0.979513645 -6.020319939 0.017236978 0.998325408 0.055219963 0.318456650 0.980679333 -0.027644075 0.193658784 4.947018147
0.158811793 0.052375462 -0.985918701 -6.464008331 0.017132245 0.998295426 0.055792615 0.343650609 0.987160146 -0.025751527 0.157643780 4.994072914
0.127577618 0.052095715 -0.990459502 -6.930743694 0.016630786 0.998366833 0.054653782 0.372949809 0.991689086 -0.023444725 0.126502916 5.032914639
0.099942520 0.051866543 -0.993640482 -7.396701813 0.016668530 0.998413026 0.053792220 0.400068879 0.994853556 -0.021938657 0.098919362 5.062253475
0.075663723 0.051007573 -0.995827913 -7.879239559 0.019053470 0.998434424 0.052588787 0.430969685 0.996951282 -0.022953043 0.074573405 5.086423874
0.054489020 0.051346269 -0.997193277 -8.361841202 0.023663417 0.998330057 0.052697830 0.457856476 0.998233914 -0.026468458 0.053183004 5.107290745
0.035762683 0.051630802 -0.998025715 -8.874528885 0.024801908 0.998311102 0.052534305 0.488438994 0.999052465 -0.026631707 0.034421742 5.110332489
0.019978169 0.051313620 -0.998482764 -9.382911682 0.024068950 0.998367906 0.051789299 0.514767230 0.999510586 -0.025067085 0.018710494 5.107596397
0.006005250 0.051062353 -0.998677433 -9.907958031 0.021940475 0.998448193 0.051182564 0.546826959 0.999741256 -0.022218823 0.004875599 5.101247311
-0.004532581 0.051195495 -0.998678327 -10.441087723 0.020609261 0.998481214 0.051091854 0.581796587 0.999777317 -0.020350445 -0.005580798 5.088086605
-0.011913497 0.052026004 -0.998574674 -10.990592957 0.020992916 0.998438358 0.051768437 0.615023017 0.999708593 -0.020346250 -0.012987070 5.074532032
-0.015955474 0.053605080 -0.998434782 -11.544122696 0.022235380 0.998333812 0.053244337 0.653009832 0.999625444 -0.021351039 -0.017120820 5.054212093
-0.018916491 0.056480031 -0.998224497 -12.116654396 0.023231357 0.998158455 0.056036048 0.687994540 0.999551117 -0.022130108 -0.020193772 5.045451164
-0.020851463 0.057820588 -0.998109221 -12.693265915 0.021496808 0.998121321 0.057372212 0.726216435 0.999551475 -0.020259866 -0.022055252 5.028932571
-0.022889812 0.057090178 -0.998106599 -13.261944771 0.021431848 0.998166740 0.056602109 0.756088495 0.999508202 -0.020095659 -0.024071399 5.004755497
-0.025117783 0.056026291 -0.998113334 -13.840228081 0.021436624 0.998228908 0.055493325 0.794121385 0.999454677 -0.020002307 -0.026274310 4.985267639
-0.027197761 0.054772545 -0.998128355 -14.437753677 0.021901704 0.998290718 0.054184649 0.828401625 0.999390125 -0.020387013 -0.028350884 4.966058254
-0.028418833 0.054091312 -0.998131573 -15.042728424 0.021688825 0.998333097 0.053484708 0.865938485 0.999360740 -0.020128328 -0.029544638 4.950402260
-0.028135594 0.055645231 -0.998054087 -15.651457787 0.020298420 0.998275280 0.055085335 0.904288948 0.999397993 -0.018709065 -0.029216578 4.926431656
-0.028261149 0.057976849 -0.997917771 -16.282754898 0.020165812 0.998146534 0.057419028 0.946833849 0.999397159 -0.018501097 -0.029377911 4.908468246
-0.027188966 0.058803223 -0.997899234 -16.905942917 0.018788021 0.998122036 0.058304455 0.984371543 0.999453723 -0.017163316 -0.028242698 4.875548840
-0.027414339 0.056441475 -0.998029470 -17.542121887 0.017874265 0.998272777 0.055964258 1.022513151 0.999464333 -0.016304819 -0.028375834 4.856057167
-0.027290655 0.052531004 -0.998246312 -18.183404922 0.017993869 0.998482287 0.052051492 1.064586639 0.999465585 -0.016541792 -0.028194468 4.834771633
-0.026708817 0.048792824 -0.998451769 -18.834295273 0.020054981 0.998633146 0.048265219 1.111764193 0.999442101 -0.018734822 -0.027650850 4.807687759
-0.026479252 0.049013000 -0.998447180 -19.520345688 0.019837912 0.998626351 0.048495699 1.152759552 0.999452472 -0.018522974 -0.027415201 4.789623260
-0.026014123 0.052865535 -0.998262703 -20.197052002 0.019700723 0.998433769 0.052361205 1.191178441 0.999467432 -0.018304365 -0.027014876 4.767001629
-0.026139187 0.056720212 -0.998047948 -20.885717392 0.021027256 0.998199284 0.056178108 1.228607774 0.999437213 -0.019517755 -0.027284788 4.739185810
-0.027095018 0.058393225 -0.997925997 -21.581407547 0.023358608 0.998056829 0.057766668 1.268574476 0.999359906 -0.021744970 -0.028406359 4.729088783
-0.027047725 0.058245774 -0.997935772 -22.274841309 0.027342604 0.997970700 0.057506710 1.310471296 0.999260128 -0.025730738 -0.028585428 4.704613686
-0.028504230 0.056179296 -0.998013735 -22.966701508 0.031107420 0.997985661 0.055289257 1.356314301 0.999109507 -0.029469654 -0.030194407 4.701268196
-0.028990524 0.053299751 -0.998157680 -23.672891617 0.031946614 0.998116672 0.052369695 1.394368291 0.999069095 -0.030369528 -0.030638669 4.674553394
-0.030254871 0.048698794 -0.998355091 -24.377079010 0.032182653 0.998342037 0.047722861 1.439563394 0.999023974 -0.030685870 -0.031771969 4.651701450
-0.031631447 0.045432217 -0.998466611 -25.088912964 0.034460675 0.998422027 0.044338476 1.478730083 0.998905301 -0.033005331 -0.033147160 4.631740093
-0.031542290 0.044333208 -0.998518646 -25.816265106 0.037082847 0.998379827 0.043155633 1.516792893 0.998814285 -0.035666686 -0.033135187 4.602014065
-0.031562485 0.045816686 -0.998451054 -26.545736313 0.036498435 0.998335361 0.044657607 1.547948718 0.998835146 -0.035032399 -0.033182181 4.565958500
-0.032363031 0.047150999 -0.998363495 -27.279197693 0.036764387 0.998266697 0.045954678 1.587916017 0.998799741 -0.035216983 -0.034040429 4.545044422
-0.033343811 0.048223745 -0.998279929 -28.022176743 0.037456185 0.998193860 0.046968509 1.629622936 0.998741865 -0.035825644 -0.035089865 4.522767067
-0.032932680 0.050382726 -0.998186886 -28.763273239 0.038019516 0.998068869 0.049122412 1.661049962 0.998734176 -0.036332853 -0.034784611 4.489444733
-0.032402065 0.050107673 -0.998218119 -29.510068893 0.039959498 0.998008847 0.048800088 1.707748413 0.998675764 -0.038307067 -0.034339834 4.460881233
-0.033508707 0.049991176 -0.998187482 -30.255311966 0.039218962 0.998044729 0.048667476 1.740757346 0.998668611 -0.037517078 -0.035403796 4.435123444
-0.033824798 0.048869211 -0.998232305 -31.005949020 0.040657833 0.998044252 0.047482342 1.785154462 0.998600423 -0.038979881 -0.035745557 4.407413483
-0.034347821 0.048869580 -0.998214424 -31.749591827 0.039594002 0.998086154 0.047500908 1.823273540 0.998625338 -0.037891757 -0.036217026 4.380132675
-0.034788210 0.048650958 -0.998209894 -32.508167267 0.041107204 0.998038828 0.047210004 1.863345265 0.998549044 -0.039391264 -0.036719877 4.354738235
-0.035155576 0.047871854 -0.998234630 -33.259067535 0.044150330 0.997951269 0.046303391 1.899579525 0.998406172 -0.042444564 -0.037197109 4.324467182
-0.036072858 0.044855002 -0.998342037 -34.014148712 0.046697468 0.997976601 0.043151285 1.932723284 0.998257518 -0.045063443 -0.038094476 4.299245834
-0.036931556 0.043024831 -0.998391211 -34.784690857 0.049950723 0.997903347 0.041156076 1.976056099 0.998068631 -0.048350401 -0.039003249 4.270727158
-0.037946925 0.044707026 -0.998279154 -35.549182892 0.050649431 0.997800648 0.042760301 2.011709690 0.997995317 -0.048939642 -0.040127844 4.240970612
-0.039269090 0.049530588 -0.998000324 -36.321495056 0.051755968 0.997530878 0.047470808 2.049922943 0.997887313 -0.049788333 -0.041735638 4.206597805
-0.040277664 0.052612551 -0.997802377 -37.103019714 0.052258376 0.997356951 0.050479598 2.089445114 0.997820973 -0.050110329 -0.042920660 4.168654442
-0.041300688 0.052696854 -0.997756243 -37.874366760 0.051180065 0.997408807 0.050559990 2.130160809 0.997835040 -0.048977055 -0.043890703 4.128107071
-0.042788614 0.051711041 -0.997745037 -38.653678894 0.049486876 0.997543514 0.049578335 2.170748472 0.997857809 -0.047253888 -0.045242518 4.092935562
-0.044039350 0.050039619 -0.997775793 -39.436168671 0.047571827 0.997717023 0.047936954 2.217884541 0.997896492 -0.045354910 -0.046319280 4.043475628
-0.045579743 0.050805859 -0.997667789 -40.227802277 0.046112701 0.997748256 0.048703227 2.256172895 0.997895718 -0.043785285 -0.047819905 4.000164032
-0.046343230 0.052261855 -0.997557521 -41.010681152 0.046333276 0.997668147 0.050115168 2.299666166 0.997850478 -0.043897606 -0.048656620 3.954163074
-0.048375160 0.053380124 -0.997401774 -41.806411743 0.044140521 0.997709632 0.051255733 2.347472668 0.997853398 -0.041546334 -0.050620593 3.918516636
-0.049133483 0.053644463 -0.997350574 -42.591651917 0.041596603 0.997800171 0.051619422 2.385274410 0.997925639 -0.038950160 -0.051256828 3.858412743
-0.050778806 0.053000983 -0.997302532 -43.388504028 0.040951010 0.997861505 0.050945617 2.424153328 0.997870028 -0.038253590 -0.052840661 3.812897921
-0.051556639 0.052556265 -0.997286201 -44.178001404 0.042367645 0.997830272 0.050394665 2.464664936 0.997771084 -0.039654486 -0.053671464 3.762119055
-0.053022970 0.052862663 -0.997193158 -44.974792480 0.042859178 0.997798085 0.050615821 2.504981518 0.997673154 -0.040055081 -0.055171870 3.717201710
-0.054091800 0.053101346 -0.997123122 -45.760505676 0.043269224 0.997771680 0.050788626 2.550755739 0.997597992 -0.040397488 -0.056268923 3.663640499
-0.054755360 0.052879002 -0.997098565 -46.556545258 0.042873491 0.997800291 0.050561827 2.604262114 0.997578919 -0.039980564 -0.056902010 3.604019403
-0.056125276 0.053490341 -0.996989846 -47.344383240 0.041975837 0.997807384 0.051171187 2.637327909 0.997540951 -0.038977489 -0.058247514 3.564753771
-0.056928460 0.054297253 -0.996900737 -48.134353638 0.039479725 0.997861385 0.052095078 2.675090075 0.997597277 -0.036391679 -0.058950353 3.512158155
-0.056742702 0.055393659 -0.996851087 -48.923221588 0.035212878 0.997949481 0.053450312 2.720016718 0.997767627 -0.032069087 -0.058576930 3.450607300
-0.056446977 0.057152130 -0.996768534 -49.709739685 0.031211177 0.997973382 0.055453718 2.762921333 0.997917593 -0.027980125 -0.058116361 3.399557352
-0.055385601 0.059334949 -0.996700406 -50.497177124 0.027825801 0.997936666 0.057862300 2.810024738 0.998077214 -0.024529248 -0.056922372 3.349020720
-0.053530779 0.060731519 -0.996717632 -51.301345825 0.028009351 0.997847438 0.059296060 2.856415749 0.998173296 -0.024743246 -0.055116605 3.300830126
-0.051610064 0.061442543 -0.996775329 -52.093135834 0.028982449 0.997777343 0.060003672 2.905579805 0.998246670 -0.025792200 -0.053276103 3.258218050
-0.049776152 0.060183469 -0.996945441 -52.887516022 0.030111851 0.997819543 0.058732793 2.959177971 0.998306334 -0.027096385 -0.051479846 3.210154057
-0.048799809 0.057677958 -0.997141838 -53.675868988 0.030271104 0.997958004 0.056243718 3.000924110 0.998349786 -0.027439902 -0.050446138 3.170987844
-0.047947410 0.054963388 -0.997336507 -54.473930359 0.031166051 0.998081028 0.053506099 3.054130077 0.998363495 -0.028517563 -0.049568392 3.129621983
-0.047120277 0.054028738 -0.997426987 -55.260032654 0.031072602 0.998132110 0.052599009 3.092760324 0.998405933 -0.028514173 -0.048711069 3.090213299
-0.046160240 0.053672265 -0.997491121 -56.062068939 0.028128436 0.998229325 0.052410319 3.139181137 0.998537958 -0.025638588 -0.047588214 3.039819717
-0.045422576 0.053557310 -0.997531176 -56.851417542 0.026300512 0.998279750 0.052399911 3.180308104 0.998621583 -0.023855440 -0.046753030 3.000658751
-0.044782825 0.052401610 -0.997621417 -57.663925171 0.025125314 0.998366594 0.051312864 3.228234053 0.998680770 -0.022767620 -0.046026267 2.960450411
-0.044566352 0.051502828 -0.997677982 -58.452491760 0.024644855 0.998422921 0.050440393 3.269102335 0.998702526 -0.022339679 -0.045765344 2.921681404
-0.044821654 0.051524945 -0.997665465 -59.260692596 0.024979156 0.998414516 0.050441410 3.312947035 0.998682737 -0.022659970 -0.046037652 2.899446964
-0.043606408 0.050330061 -0.997780204 -60.065380096 0.027417339 0.998414338 0.049163811 3.360316515 0.998672426 -0.025212623 -0.044917174 2.851344585
-0.042818364 0.049401771 -0.997860789 -60.879016876 0.029388549 0.998406887 0.048167750 3.400238752 0.998650491 -0.027263217 -0.044201985 2.810838461
-0.042263813 0.048459921 -0.997930586 -61.685134888 0.030777391 0.998412132 0.047179833 3.441373587 0.998632312 -0.028719703 -0.043688182 2.769954681
-0.042207751 0.047807004 -0.997964501 -62.509574890 0.033079755 0.998373747 0.046427548 3.487596750 0.998561084 -0.031052817 -0.043720551 2.739429712
-0.041348498 0.046731353 -0.998051345 -63.349681854 0.035981484 0.998327315 0.045253590 3.533508062 0.998496652 -0.034040205 -0.042960797 2.706289530
-0.040105525 0.047649946 -0.998058617 -64.146194458 0.035687860 0.998293221 0.046227086 3.577139378 0.998557925 -0.033764608 -0.041737597 2.670374393
-0.038583994 0.049531478 -0.998027027 -64.987068176 0.035679422 0.998202145 0.048160795 3.624176979 0.998618126 -0.033750787 -0.040281877 2.640492678
-0.036607500 0.051149812 -0.998019814 -65.827644348 0.033859149 0.998179376 0.049916022 3.662671328 0.998755991 -0.031964801 -0.038272731 2.592800379
-0.035382345 0.051249463 -0.998058915 -66.659500122 0.033125229 0.998195589 0.050082151 3.701673508 0.998824716 -0.031288911 -0.037016153 2.546899796
-0.035107248 0.051087622 -0.998076856 -67.496955872 0.034476284 0.998160005 0.049879171 3.753092051 0.998788774 -0.032658864 -0.036803965 2.529743433
-0.033976980 0.050644916 -0.998138607 -68.337493896 0.033920836 0.998198330 0.049493264 3.797031403 0.998846829 -0.032176070 -0.035633683 2.494308233
-0.033465721 0.051168170 -0.998129189 -69.185211182 0.034291096 0.998159468 0.050019983 3.842213631 0.998851418 -0.032552991 -0.035158742 2.449681282
-0.032698691 0.050464738 -0.998190403 -70.003814697 0.034913167 0.998172700 0.049320161 3.876497507 0.998855233 -0.033237293 -0.034400824 2.418864012
-0.033646405 0.049949680 -0.998184800 -70.865287781 0.035083264 0.998193800 0.048767556 3.933774710 0.998817801 -0.033378724 -0.035338037 2.385804892
-0.034322955 0.050129768 -0.998152733 -71.718193054 0.034073208 0.998219371 0.048961442 3.976024628 0.998829782 -0.032329764 -0.035969917 2.353775978
-0.034252357 0.051474217 -0.998086751 -72.551582336 0.033104759 0.998183191 0.050343100 4.022907257 0.998864770 -0.031317055 -0.035894167 2.315773726
-0.034454864 0.052043837 -0.998050272 -73.403266907 0.031511210 0.998203278 0.050963979 4.069906712 0.998909414 -0.029693816 -0.036032923 2.271304846
-0.034962814 0.052811660 -0.997992277 -74.216751099 0.029399198 0.998224974 0.051794022 4.113328934 0.998956084 -0.027529307 -0.036453366 2.239891052
-0.035259966 0.052174933 -0.998015344 -75.059318542 0.029213818 0.998263299 0.051155780 4.157739639 0.998951077 -0.027352085 -0.036722962 2.205682278
-0.035586234 0.052241221 -0.998000383 -75.879898071 0.028189411 0.998287857 0.051251121 4.204955578 0.998968959 -0.026309201 -0.036997959 2.171755314
-0.035674069 0.052121144 -0.998003423 -76.719505310 0.027572425 0.998310208 0.051151581 4.257232666 0.998983085 -0.025692586 -0.037050899 2.138591051
-0.035823807 0.054108866 -0.997892201 -77.522315979 0.027080363 0.998219073 0.053154424 4.291223049 0.998991132 -0.025119089 -0.037225295 2.105923891
-0.035422049 0.054664284 -0.997876287 -78.347465515 0.024741417 0.998244822 0.053806216 4.331102848 0.999066174 -0.022782948 -0.036712337 2.073193550
-0.033446975 0.055316895 -0.997908473 -79.165351868 0.021900894 0.998267949 0.054602761 4.376008511 0.999200523 -0.020028787 -0.034600530 2.035184860
-0.032763321 0.055024419 -0.997947335 -79.986091614 0.020326721 0.998313487 0.054377273 4.419109344 0.999256492 -0.018503413 -0.033826530 2.008306265
-0.031490028 0.054573573 -0.998013079 -80.796173096 0.019101745 0.998358905 0.053989749 4.462617397 0.999321520 -0.017363651 -0.032480795 1.974928379
-0.031088490 0.052238569 -0.998150587 -81.612640381 0.019174250 0.998480618 0.051658638 4.516372681 0.999332726 -0.017532798 -0.032042895 1.948621750
-0.030032767 0.050517559 -0.998271465 -82.413597107 0.017827451 0.998590171 0.049997348 4.546501637 0.999389946 -0.016295075 -0.030891027 1.913414001
-0.029720271 0.048832465 -0.998364687 -83.217697144 0.017586926 0.998676836 0.048324186 4.594135284 0.999403536 -0.016121954 -0.030539759 1.887435913
-0.029945681 0.049876891 -0.998306334 -84.023498535 0.019000612 0.998602331 0.049321715 4.633037090 0.999370933 -0.017491456 -0.030851521 1.852413893
-0.030833021 0.053209577 -0.998107195 -84.839576721 0.019668126 0.998420954 0.052618727 4.672296524 0.999330997 -0.018008508 -0.031830873 1.823793173
-0.031968147 0.055232577 -0.997961640 -85.642471313 0.019555302 0.998315394 0.054625738 4.714993954 0.999297678 -0.017769158 -0.032994378 1.791037083
-0.034400217 0.055675611 -0.997856140 -86.421859741 0.019466272 0.998295009 0.055029016 4.754503250 0.999218524 -0.017531525 -0.035425354 1.767553806
-0.035899062 0.053878967 -0.997901976 -87.229759216 0.021092555 0.998364031 0.053145126 4.804676533 0.999132812 -0.019140445 -0.036976777 1.727904081
-0.038162004 0.051418282 -0.997947931 -88.004592896 0.021073811 0.998494506 0.050640587 4.845631599 0.999049246 -0.019098014 -0.039188132 1.696806908
-0.039588936 0.049298324 -0.997999191 -88.793312073 0.024075786 0.998539269 0.048369952 4.888796329 0.998925865 -0.022112699 -0.040718000 1.656090260
-0.041760460 0.049356185 -0.997907758 -89.577529907 0.027980654 0.998445153 0.048211828 4.928118229 0.998735785 -0.025908763 -0.043076545 1.622333765
-0.044458907 0.052417058 -0.997635126 -90.364898682 0.031409424 0.998202205 0.051047117 4.959450722 0.998517334 -0.029065644 -0.046025369 1.593816280
-0.047852002 0.056808934 -0.997237742 -91.174247742 0.031094821 0.997982144 0.055359282 5.013531685 0.998370349 -0.028359873 -0.049521912 1.557034492
-0.050140861 0.060219407 -0.996925175 -91.948020935 0.031969018 0.997765779 0.058662310 5.048093319 0.998230398 -0.028929338 -0.051954001 1.512235165
-0.052595835 0.060126711 -0.996804178 -92.721908569 0.029583316 0.997841358 0.058628332 5.096392155 0.998177588 -0.026405169 -0.054261047 1.464413643
-0.054484241 0.056999229 -0.996886492 -93.524047852 0.024522712 0.998144627 0.055730894 5.142885208 0.998213530 -0.021409903 -0.055780925 1.400712967
-0.057025537 0.054503378 -0.996883869 -94.305145264 0.020769486 0.998357415 0.053395849 5.192129135 0.998156667 -0.017659839 -0.058063872 1.356405735
-0.059297442 0.054420590 -0.996755838 -95.095695496 0.019655775 0.998382926 0.053340096 5.235644341 0.998046815 -0.016429080 -0.060271230 1.295323849
-0.061914559 0.056255553 -0.996494830 -95.879859924 0.020664301 0.998268545 0.055071764 5.279414654 0.997867465 -0.017182127 -0.062969826 1.246111870
-0.064560808 0.057388783 -0.996262252 -96.664672852 0.021703321 0.998189628 0.056093361 5.321793079 0.997677684 -0.018000767 -0.065689437 1.190574169
-0.067066096 0.056315713 -0.996157885 -97.447013855 0.024516156 0.998197377 0.054780461 5.363914490 0.997447252 -0.020748045 -0.068325832 1.139483929
-0.068947293 0.054459471 -0.996132672 -98.227600098 0.026440276 0.998257816 0.052745588 5.409877300 0.997269869 -0.022701357 -0.070267096 1.079619884
-0.070496626 0.052653335 -0.996121526 -99.005897522 0.026153365 0.998360336 0.050920766 5.455737114 0.997169077 -0.022462184 -0.071758084 1.019136906
-0.071658313 0.052320797 -0.996056020 -99.798995972 0.025901403 0.998384058 0.050579689 5.498954296 0.997092903 -0.022174792 -0.072897710 0.957659721
-0.072536521 0.051344350 -0.996043384 -100.589508057 0.025080783 0.998452127 0.049642030 5.539924622 0.997050345 -0.021380685 -0.073712006 0.897579193
-0.072989285 0.052091464 -0.995971441 -101.374618530 0.025778238 0.998399913 0.050329342 5.577795506 0.996999502 -0.022000885 -0.074215315 0.840987682
-0.073289245 0.052038647 -0.995952070 -102.170013428 0.025026180 0.998419225 0.050325949 5.621724129 0.996996701 -0.021236530 -0.074475728 0.774732113
-0.072504491 0.052361108 -0.995992661 -102.955352783 0.023413476 0.998435140 0.050785109 5.662183285 0.997093260 -0.019637501 -0.073616996 0.702538490
-0.072236076 0.050460696 -0.996110260 -103.763305664 0.022206401 0.998553276 0.048974082 5.707022667 0.997140348 -0.018582331 -0.073252127 0.645940304
-0.071220502 0.047599249 -0.996324122 -104.554679871 0.021033689 0.998710334 0.046209686 5.751189709 0.997238874 -0.017665293 -0.072129838 0.574572563
-0.070197783 0.046307784 -0.996457636 -105.358093262 0.022146516 0.998748064 0.044854052 5.789269447 0.997287214 -0.018919408 -0.071135454 0.520395279
-0.068861976 0.047622170 -0.996488929 -106.167083740 0.021678140 0.998695672 0.046229567 5.834023476 0.997390568 -0.018418565 -0.069804519 0.457481861
-0.067826271 0.049565099 -0.996465206 -106.969200134 0.022190223 0.998593211 0.048160508 5.875552177 0.997450292 -0.018845236 -0.068830729 0.401582241
-0.066791087 0.049311031 -0.996547699 -107.756507874 0.022426441 0.998600006 0.047909487 5.910355091 0.997514904 -0.019149093 -0.067803420 0.353312492
-0.065353118 0.047236219 -0.996743560 -108.567024231 0.023588572 0.998672903 0.045781035 5.958509445 0.997583330 -0.020519823 -0.066380627 0.287754536
-0.064232007 0.046979859 -0.996828556 -109.379905701 0.023958143 0.998676002 0.045523152 6.007305145 0.997647405 -0.020958120 -0.065272503 0.232437134
-0.062569961 0.046486109 -0.996957421 -110.180778503 0.023670919 0.998702824 0.045081895 6.043212414 0.997759819 -0.020778121 -0.063589163 0.167700291
-0.061051968 0.046077438 -0.997070491 -110.990028381 0.024382392 0.998704672 0.044659995 6.082188129 0.997836709 -0.021584380 -0.062096365 0.109652996
-0.059807446 0.046801887 -0.997112155 -111.784431458 0.025101017 0.998654842 0.045368731 6.114860058 0.997894287 -0.022315145 -0.060901776 0.061977863
-0.058455560 0.049727540 -0.997050643 -112.599914551 0.024619579 0.998526633 0.048357747 6.154268742 0.997986376 -0.021720193 -0.059593700 0.003754139
-0.056880124 0.053048402 -0.996970713 -113.396797180 0.025629779 0.998335838 0.051658787 6.198852539 0.998051941 -0.022613784 -0.058145083 -0.057629108
-0.056107339 0.053105056 -0.997011423 -114.184036255 0.025699342 0.998330414 0.051729068 6.230965614 0.998093963 -0.022720160 -0.057378430 -0.087826729
-0.054469921 0.050043844 -0.997260511 -114.975967407 0.026583171 0.998461962 0.048652168 6.269020557 0.998161495 -0.023860266 -0.055716470 -0.145191669
-0.053421818 0.045452759 -0.997537017 -115.759933472 0.029507345 0.998599172 0.043920927 6.313223362 0.998136103 -0.027088329 -0.054688156 -0.186646938
-0.052703150 0.043989509 -0.997640908 -116.568389893 0.031128483 0.998616219 0.042388070 6.352694511 0.998124957 -0.028821064 -0.053999543 -0.236244202
-0.051917359 0.043598503 -0.997699261 -117.335838318 0.031123731 0.998631895 0.042019673 6.382830143 0.998166263 -0.028870570 -0.053203285 -0.276198864
-0.050900120 0.045613259 -0.997661531 -118.121780396 0.033053581 0.998486161 0.043964587 6.414213181 0.998156667 -0.030738482 -0.052330744 -0.326360703
-0.051267788 0.046484224 -0.997602522 -118.885902405 0.036351416 0.998341024 0.044650503 6.452113152 0.998023152 -0.033975143 -0.052872505 -0.347855568
-0.050937023 0.049134172 -0.997492492 -119.664054871 0.035814926 0.998236418 0.047341924 6.489111423 0.998059452 -0.033313666 -0.052606925 -0.385459900
-0.049422655 0.051763441 -0.997435629 -120.430435181 0.034488011 0.998148978 0.050091583 6.523175240 0.998182356 -0.031923912 -0.051116388 -0.440375328
-0.048938390 0.055846971 -0.997239232 -121.200805664 0.034308296 0.997940361 0.054202594 6.568713665 0.998212337 -0.031560995 -0.050753605 -0.482414722
-0.048771478 0.058163110 -0.997115016 -121.968177795 0.033957507 0.997822464 0.056543425 6.609669685 0.998232543 -0.031101828 -0.050640352 -0.522767067
-0.048043396 0.059021469 -0.997099936 -122.718399048 0.032019641 0.997830629 0.057521913 6.649235249 0.998331845 -0.029163238 -0.049829029 -0.564212799
-0.048013363 0.057935346 -0.997165084 -123.467178345 0.029078530 0.997974336 0.056582242 6.694931984 0.998423278 -0.026279392 -0.049600780 -0.610809326
-0.047560178 0.058128845 -0.997175515 -124.198638916 0.026398508 0.998029649 0.056919564 6.731755257 0.998519480 -0.023616841 -0.049000986 -0.651186466
-0.048058834 0.058010682 -0.997158527 -124.936408997 0.024986541 0.998069525 0.056859434 6.779817104 0.998531938 -0.022182945 -0.049415540 -0.683603287
-0.047589660 0.059486758 -0.997093976 -125.656631470 0.023071855 0.998024285 0.058441065 6.814747810 0.998600483 -0.020223618 -0.048868101 -0.727574825
-0.046589669 0.061171584 -0.997039258 -126.356987000 0.022020392 0.997943521 0.060198084 6.856854916 0.998671293 -0.019150589 -0.047840871 -0.768698215
-0.046909727 0.062326722 -0.996952713 -127.058868408 0.020957425 0.997893214 0.061399408 6.893634796 0.998679221 -0.018013332 -0.048117097 -0.801625729
-0.046057336 0.062225651 -0.996998847 -127.726539612 0.021156618 0.997894883 0.061304223 6.932977676 0.998714685 -0.018269617 -0.047276869 -0.844554901
-0.046033092 0.061089899 -0.997070193 -128.405059814 0.021419926 0.997959137 0.060155444 6.981151104 0.998710215 -0.018588027 -0.047247693 -0.877357006
-0.046009734 0.060451966 -0.997110128 -129.050491333 0.021022283 0.998004675 0.059536166 7.012930393 0.998719752 -0.018222285 -0.047188781 -0.915604591
-0.046800520 0.058895964 -0.997166455 -129.695022583 0.020629093 0.998104334 0.057983160 7.048389435 0.998691142 -0.017857000 -0.047926776 -0.957982540
-0.048654031 0.058743712 -0.997086763 -130.343078613 0.021169417 0.998105407 0.057770748 7.082923889 0.998591244 -0.018296964 -0.049805425 -0.983293056
-0.049850732 0.058630891 -0.997034311 -130.991165161 0.021182174 0.998112977 0.057635240 7.116727829 0.998531938 -0.018246200 -0.050998591 -1.029794216
-0.051277839 0.058347668 -0.996978521 -131.620422363 0.021225374 0.998130023 0.057323378 7.160592556 0.998458803 -0.018221825 -0.052420404 -1.055973530
-0.052055713 0.058367666 -0.996937037 -132.246246338 0.019917864 0.998152614 0.057398815 7.192170620 0.998445570 -0.016868923 -0.053122111 -1.100808144
-0.052979242 0.057595748 -0.996933281 -132.869583130 0.020676514 0.998184562 0.056569237 7.230402470 0.998381495 -0.017616110 -0.054073945 -1.127093315
-0.053186320 0.057223346 -0.996943712 -133.491851807 0.021786200 0.998185694 0.056132346 7.265378952 0.998346925 -0.018734140 -0.054336496 -1.163824558
-0.053096913 0.057570886 -0.996928453 -134.101928711 0.023198757 0.998138428 0.056405175 7.297043800 0.998319864 -0.020132568 -0.054333638 -1.195033550
-0.052670497 0.057723034 -0.996942282 -134.705749512 0.023497483 0.998123229 0.056549989 7.328251839 0.998335481 -0.020447116 -0.053927992 -1.228941917
-0.051566217 0.059481036 -0.996896625 -135.296676636 0.023659768 0.998017311 0.058324058 7.364057541 0.998389184 -0.020578794 -0.052871287 -1.268838406
-0.050169997 0.060429886 -0.996910810 -135.888549805 0.023125492 0.997970581 0.059330326 7.397100449 0.998472929 -0.020077454 -0.051465660 -1.295813560
-0.047671922 0.060315166 -0.997040331 -136.453430176 0.022843439 0.997980118 0.059279785 7.430183411 0.998601794 -0.019949852 -0.048953429 -1.332831860
-0.045426130 0.060619965 -0.997126698 -137.015655518 0.023034127 0.997955322 0.059620973 7.460272789 0.998702109 -0.020259589 -0.046729583 -1.349657059
-0.042408392 0.059149444 -0.997347891 -137.561813354 0.022627592 0.998046815 0.058228742 7.490687370 0.998844147 -0.020098193 -0.043663967 -1.370258808
-0.038143184 0.057219408 -0.997632802 -138.104522705 0.020061977 0.998201907 0.056485012 7.526989937 0.999070942 -0.017859967 -0.039222535 -1.406671524
-0.033298288 0.056246996 -0.997861445 -138.635879517 0.018369906 0.998280823 0.055657655 7.552823067 0.999276638 -0.016477318 -0.034274295 -1.419503450
-0.026046114 0.054669734 -0.998164713 -139.169265747 0.015644638 0.998403490 0.054274585 7.578847408 0.999538302 -0.014202283 -0.026859818 -1.438060999
-0.017485777 0.052043229 -0.998491704 -139.689682007 0.014696073 0.998549879 0.051788904 7.607837200 0.999739170 -0.013768338 -0.018225241 -1.444736838
-0.007746337 0.049180556 -0.998759866 -140.208496094 0.013355654 0.998705804 0.049074307 7.629816055 0.999880791 -0.012958943 -0.008393151 -1.447175860
0.003183612 0.046197496 -0.998927236 -140.724182129 0.012889692 0.998847365 0.046234883 7.658724785 0.999911726 -0.013023060 0.002584472 -1.447142005
0.013540688 0.044730272 -0.998907328 -141.235137939 0.012681097 0.998910785 0.044902332 7.680902004 0.999827862 -0.013275249 0.012958711 -1.424662828
0.025318794 0.044798791 -0.998675108 -141.742691040 0.011246676 0.998919308 0.045094885 7.706165791 0.999616206 -0.012373525 0.024787594 -1.414109945
0.037739288 0.045911316 -0.998232484 -142.250549316 0.010761796 0.998867393 0.046347387 7.728892326 0.999229670 -0.012491890 0.037202459 -1.389842033
0.050995294 0.046580635 -0.997612059 -142.751739502 0.009260719 0.998846650 0.047111671 7.755659580 0.998655915 -0.011641076 0.050505117 -1.354238033
0.065756403 0.046681613 -0.996743143 -143.252944946 0.007082193 0.998858035 0.047247887 7.773923874 0.997810602 -0.010165978 0.065350719 -1.318993568
0.081147119 0.046999592 -0.995593309 -143.742721558 0.005081544 0.998855114 0.047567751 7.793813705 0.996689200 -0.008919139 0.080815390 -1.275764465
0.098302603 0.047405373 -0.994026780 -144.249450684 0.002174916 0.998852193 0.047850575 7.818694592 0.995154142 -0.006865761 0.098086670 -1.231214523
0.116074547 0.048498955 -0.992055655 -144.729705811 0.000653355 0.998803318 0.048905265 7.847000599 0.993240356 -0.006324822 0.115903944 -1.164922714
0.135916561 0.048957944 -0.989509881 -145.211517334 -0.000888964 0.998783827 0.049294684 7.877023220 0.990719914 -0.005820326 0.135794789 -1.094503403
0.157046363 0.051528007 -0.986246109 -145.692352295 -0.002814264 0.998657286 0.051728312 7.892908573 0.987587214 -0.005348186 0.156980455 -1.023578644
0.178629726 0.052391827 -0.982520461 -146.174057007 -0.007685179 0.998625159 0.051853362 7.943097115 0.983886421 -0.001711706 0.178786770 -0.932548523
0.201085493 0.053546403 -0.978109121 -146.641937256 -0.011200283 0.998565257 0.052363653 7.948482990 0.979509652 0.000425527 0.201396734 -0.838424683
0.224069178 0.052837245 -0.973139882 -147.099960327 -0.014685167 0.998598993 0.050838251 7.962885857 0.974462569 0.002899435 0.224531159 -0.739849091
0.246661693 0.051648229 -0.967724383 -147.564727783 -0.017814366 0.998651743 0.048758171 7.984677792 0.968937933 0.005212624 0.247249171 -0.606132507
0.270011693 0.050070319 -0.961554289 -148.019607544 -0.019929571 0.998723686 0.046409439 8.023015976 0.962650895 0.006632274 0.270664930 -0.469146729
0.294159621 0.049355075 -0.954481184 -148.459701538 -0.020846812 0.998759508 0.045219921 8.044450760 0.955528975 0.006596011 0.294823587 -0.338619232
0.317375332 0.050520424 -0.946953297 -148.899566650 -0.023831561 0.998689413 0.045293327 8.050210953 0.948000491 0.008192392 0.318163395 -0.161647797
0.343578368 0.050751522 -0.937751651 -149.346054077 -0.026548337 0.998664498 0.044321243 8.072954178 0.938748658 0.009667929 0.344466954 -0.005130768
0.369575679 0.052544691 -0.927713931 -149.761871338 -0.028802536 0.998567879 0.045083661 8.078140259 0.928754151 0.010058687 0.370559841 0.174591064
0.396310151 0.052395858 -0.916620433 -150.171127319 -0.030412141 0.998571575 0.043931358 8.110542297 0.917612910 0.010465944 0.397337496 0.375831604
0.423907459 0.052956190 -0.904156089 -150.582717896 -0.031095574 0.998551607 0.043905970 8.125566483 0.905171573 0.009503183 0.424940109 0.578887939
0.452301323 0.052970450 -0.890290737 -150.998535156 -0.031393453 0.998561680 0.043463275 8.156681061 0.891312480 0.008290802 0.453313679 0.781406403
0.479732811 0.054992642 -0.875689626 -151.384841919 -0.032999814 0.998458683 0.044624016 8.174450874 0.876793861 0.007489988 0.480808109 1.015895844
0.508514643 0.056236729 -0.859214962 -151.779495239 -0.033740923 0.998399973 0.045377459 8.191134453 0.860391974 0.005915605 0.509598434 1.246879578
0.536436796 0.057684708 -0.841966748 -152.154067993 -0.035915457 0.998317838 0.045514025 8.199036598 0.843175948 0.005824220 0.537606239 1.500274658
0.564890683 0.057563562 -0.823155522 -152.509963989 -0.037820786 0.998321533 0.043858476 8.221186638 0.824298620 0.006357146 0.566119611 1.769737244
0.593821943 0.058271423 -0.802483618 -152.874572754 -0.040415101 0.998275161 0.042582236 8.237489700 0.803580761 0.007146190 0.595152855 2.050041199
0.622105479 0.060312130 -0.780606866 -153.241241455 -0.044391900 0.998141766 0.041741375 8.251647949 0.781673908 0.008685091 0.623626769 2.343284607
0.649098158 0.060840670 -0.758267641 -153.571929932 -0.046689156 0.998103559 0.040117018 8.276342392 0.759270370 0.009362997 0.650707781 2.652809143
0.676319599 0.062782928 -0.733927786 -153.917999268 -0.049808200 0.997978508 0.039472211 8.280379295 0.734922290 0.009859790 0.678079545 2.971076965
0.702122927 0.062704265 -0.709289491 -154.254165649 -0.052139796 0.997968554 0.036611743 8.304843903 0.710144222 0.011276262 0.703965902 3.314933777
0.726741552 0.062520303 -0.684059858 -154.562759399 -0.053316064 0.997979164 0.034568544 8.323552132 0.684838653 0.011348979 0.728606284 3.667533875
0.751245975 0.063125774 -0.656996667 -154.878753662 -0.054919023 0.997942448 0.033087231 8.335006714 0.657733500 0.011224968 0.753167152 4.036598206
0.774163067 0.064172938 -0.629724801 -155.164825439 -0.057018533 0.997873127 0.031592861 8.349123955 0.630412877 0.011447961 0.776175618 4.413154602
0.796015322 0.065044880 -0.601771414 -155.439483643 -0.058878481 0.997815132 0.029969195 8.365300179 0.602405965 0.011575448 0.798106015 4.799911499
0.817067564 0.065731354 -0.572782636 -155.704803467 -0.060219020 0.997775316 0.028600940 8.378087044 0.573388398 0.011123511 0.819208086 5.201744080
0.837092817 0.065626718 -0.543110251 -155.956054688 -0.060876809 0.997787118 0.026738500 8.394708633 0.543663144 0.010680217 0.839235485 5.615653992
0.855414093 0.066826247 -0.513615489 -156.196105957 -0.062557057 0.997712314 0.025624588 8.407009125 0.514152884 0.010210641 0.857637763 6.040847778
0.872447193 0.068339512 -0.483906537 -156.425125122 -0.064783089 0.997608542 0.024087826 8.418213844 0.484395534 0.010333610 0.874788105 6.473297119
0.888356149 0.068032667 -0.454086781 -156.637237549 -0.065226965 0.997630954 0.021860855 8.426944733 0.454498261 0.010198474 0.890689313 6.918609619
0.902627766 0.066975214 -0.425179303 -156.837677002 -0.064852633 0.997704625 0.019482860 8.438123703 0.425508231 0.009988219 0.904899418 7.365619659
0.915090144 0.066421568 -0.397741407 -157.022430420 -0.064606756 0.997748792 0.017979147 8.447206497 0.398040205 0.009244238 0.917321384 7.831989288
0.926404417 0.066470802 -0.370616347 -157.199356079 -0.064945117 0.997750580 0.016609784 8.451816559 0.370886743 0.008682339 0.928637505 8.295024872
0.936523736 0.067070901 -0.344128728 -157.366989136 -0.066237591 0.997702897 0.014191685 8.461282730 0.344290078 0.009503402 0.938815176 8.770408630
0.945580721 0.068637356 -0.318066001 -157.520278931 -0.068120435 0.997595489 0.012761275 8.466871262 0.318177074 0.009599983 0.947982609 9.253616333
0.954101205 0.069248982 -0.291368037 -157.663909912 -0.068863884 0.997558713 0.011589484 8.474960327 0.291459382 0.009007194 0.956540823 9.744663239
0.962006867 0.067931913 -0.264438808 -157.789993286 -0.067816034 0.997651875 0.009578384 8.480859756 0.264468551 0.008718723 0.964354992 10.251525879
0.969090104 0.066415012 -0.237599045 -157.902404785 -0.066228889 0.997765779 0.008774755 8.483988762 0.237650990 0.007232392 0.971323669 10.759376526
0.975213766 0.066889070 -0.210912183 -158.006912231 -0.066481546 0.997746766 0.009030542 8.493011475 0.211041003 0.005215060 0.977463305 11.287639618
0.980416954 0.068410039 -0.184668973 -158.094818115 -0.067858472 0.997651517 0.009312829 8.494338036 0.184872404 0.003400902 0.982756674 11.815801620
0.984765232 0.069784626 -0.159271896 -158.179840088 -0.069303319 0.997558653 0.008581376 8.501440048 0.159481928 0.002587427 0.987197578 12.359458923
0.988510787 0.069992147 -0.133968115 -158.247558594 -0.069522254 0.997546792 0.008188117 8.503123283 0.134212568 0.001219722 0.990951836 12.901060104
0.991612792 0.070363164 -0.108411431 -158.300094604 -0.070042655 0.997521043 0.006766375 8.507721901 0.108618788 0.000883800 0.994083107 13.471017838
0.994012475 0.071137875 -0.082936928 -158.346511841 -0.071103580 0.997463226 0.003370825 8.516613007 0.082966335 0.002546472 0.996549129 14.042364120
