0.999994874 0.002403978 -0.002178582 0.081245229 -0.002403449 0.999997079 0.000245490 -0.060924884 0.002179166 -0.000240253 0.999997616 3.315241814
0.999995291 0.002189072 -0.002150720 0.080599807 -0.002187490 0.999997258 0.000737159 -0.070061781 0.002152327 -0.000732451 0.999997437 3.563886881
0.999987960 0.003141662 -0.003762358 0.273470551 -0.003140353 0.999994993 0.000353842 -0.107899264 0.003763451 -0.000342023 0.999992847 3.886244774
0.999996662 0.001494481 -0.002105610 0.097756185 -0.001493149 0.999998689 0.000634369 -0.083364487 0.002106557 -0.000631223 0.999997556 4.063605309
0.999996245 0.001440522 -0.002295138 0.089819774 -0.001438923 0.999998748 0.000697935 -0.075986221 0.002296141 -0.000694629 0.999997139 4.332086563
0.999995410 0.001868730 -0.002381914 0.098904632 -0.001867848 0.999998271 0.000372634 -0.078828424 0.002382607 -0.000368184 0.999997079 4.600630760
0.999994159 0.002561832 -0.002302233 0.101868592 -0.002562872 0.999996603 -0.000448922 -0.086986102 0.002301076 0.000454820 0.999997258 4.868403912
0.999994218 0.002207389 -0.002635569 0.110142730 -0.002210812 0.999996841 -0.001296844 -0.090836838 0.002632697 0.001302663 0.999995649 5.127151012
0.999994934 0.001660760 -0.002720130 0.103337571 -0.001665005 0.999997377 -0.001559286 -0.097751170 0.002717534 0.001563807 0.999995112 5.364931107
0.999993742 0.001596128 -0.003167433 0.105971694 -0.001601880 0.999997020 -0.001814269 -0.096643537 0.003164528 0.001819332 0.999993384 5.643669605
0.999993742 0.001993657 -0.002936322 0.092063054 -0.002000525 0.999995291 -0.002338052 -0.100498028 0.002931648 0.002343913 0.999992967 5.902318478
0.999991298 0.002402117 -0.003383446 0.086231999 -0.002411406 0.999993265 -0.002744393 -0.108133733 0.003376830 0.002752528 0.999990523 6.169865131
0.999989688 0.001964183 -0.004096596 0.084074765 -0.001976570 0.999993384 -0.003021975 -0.104971960 0.004090633 0.003030041 0.999987066 6.424777031
0.999986351 0.002403474 -0.004634024 0.072088510 -0.002420980 0.999989927 -0.003775916 -0.105624855 0.004624902 0.003787084 0.999982178 6.705299377
0.999981940 0.002193281 -0.005597233 0.062101457 -0.002215737 0.999989510 -0.004008971 -0.103247762 0.005588380 0.004021302 0.999976277 7.004763126
0.999978602 0.003076363 -0.005782844 0.044288687 -0.003102677 0.999984860 -0.004547069 -0.108744606 0.005768768 0.004564915 0.999972880 7.296735287
0.999972463 0.002882447 -0.006837373 0.046834115 -0.002915654 0.999984086 -0.004851782 -0.114936620 0.006823278 0.004871585 0.999964774 7.604295731
0.999971271 0.002498643 -0.007152512 0.038560811 -0.002535286 0.999983728 -0.005118709 -0.124646604 0.007139605 0.005136696 0.999961257 7.893541336
0.999966860 0.002737090 -0.007669961 0.007884398 -0.002780058 0.999980450 -0.005596987 -0.124354266 0.007654490 0.005618122 0.999954939 8.225054741
0.999962986 0.003493632 -0.007872308 -0.011012658 -0.003541287 0.999975443 -0.006047582 -0.120855860 0.007850986 0.006075235 0.999950767 8.539155006
0.999962747 0.002542513 -0.008248204 -0.026912391 -0.002590838 0.999979496 -0.005853483 -0.127266854 0.008233153 0.005874636 0.999948800 8.871621132
0.999964356 0.002608719 -0.008032622 -0.055817764 -0.002657937 0.999977708 -0.006122798 -0.130975321 0.008016470 0.006143929 0.999948978 9.233876228
0.999964535 0.003002380 -0.007865407 -0.060557496 -0.003051841 0.999975622 -0.006283959 -0.134011030 0.007846348 0.006307741 0.999949336 9.584691048
0.999966025 0.003599492 -0.007418766 -0.087804206 -0.003645133 0.999974489 -0.006147741 -0.138882309 0.007396448 0.006174576 0.999953628 9.945878983
0.999961615 0.003377613 -0.008077210 -0.078896463 -0.003429945 0.999973178 -0.006473879 -0.144067943 0.008055125 0.006501336 0.999946415 10.371311188
0.999963105 0.003008955 -0.008035982 -0.080349594 -0.003058367 0.999976456 -0.006143692 -0.163029641 0.008017305 0.006168044 0.999948800 10.797527313
0.999964774 0.003100985 -0.007798308 -0.085316241 -0.003157257 0.999969006 -0.007213983 -0.157007188 0.007775696 0.007238350 0.999943495 11.254388809
0.999964058 0.003384096 -0.007764961 -0.088717863 -0.003441791 0.999966562 -0.007428888 -0.159785628 0.007739561 0.007455348 0.999942183 11.728574753
0.999958515 0.003482667 -0.008414979 -0.091714613 -0.003544792 0.999966502 -0.007379016 -0.168260470 0.008388999 0.007408539 0.999937356 12.221373558
0.999950469 0.003785908 -0.009204051 -0.063538522 -0.003855676 0.999963880 -0.007574268 -0.189993590 0.009175044 0.007609381 0.999928951 12.741377831
0.999954522 0.003683065 -0.008796965 -0.089247055 -0.003754959 0.999959528 -0.008170249 -0.181625903 0.008766516 0.008202909 0.999927938 13.279932976
0.999948382 0.003627998 -0.009492585 -0.054694079 -0.003701055 0.999963582 -0.007690105 -0.205707967 0.009464341 0.007724840 0.999925435 13.836151123
0.999942422 0.003891014 -0.009996892 -0.054431379 -0.003962805 0.999966443 -0.007171732 -0.213055462 0.009968650 0.007210935 0.999924302 14.382573128
0.999935329 0.003803981 -0.010713754 -0.021522135 -0.003877722 0.999968886 -0.006870507 -0.229160279 0.010687283 0.006911607 0.999918997 14.996699333
0.999935985 0.004092682 -0.010537016 -0.016708568 -0.004163473 0.999968886 -0.006705395 -0.247962296 0.010509246 0.006748837 0.999922037 15.562562943
0.999927580 0.004788724 -0.011031522 0.001136899 -0.004850929 0.999972463 -0.005619101 -0.242114186 0.011004308 0.005672208 0.999923408 16.115421295
0.999939501 0.004729967 -0.009938020 -0.063438684 -0.004764094 0.999982774 -0.003413256 -0.251940221 0.009921703 0.003460394 0.999944746 16.610771179
0.999949932 0.004178491 -0.009092433 -0.085545667 -0.004188127 0.999990642 -0.001041081 -0.270893753 0.009087997 0.001079109 0.999958098 17.142890930
0.999933302 0.004666956 -0.010569101 0.003349990 -0.004640609 0.999986053 0.002515866 -0.380330145 0.010580693 -0.002466651 0.999940872 17.680889130
0.999930441 0.004655921 -0.010832637 -0.055820823 -0.004639520 0.999988019 0.001538554 -0.268929929 0.010839670 -0.001488188 0.999940157 18.279491425
0.999932826 0.004506799 -0.010680528 -0.037031963 -0.004485024 0.999987841 0.002061915 -0.288107157 0.010689693 -0.002013874 0.999940813 18.822889328
0.999909163 0.004695764 -0.012631604 0.056455314 -0.004668288 0.999986708 0.002203822 -0.304919124 0.012641784 -0.002144653 0.999917865 19.407155991
0.999914289 0.005166077 -0.012028659 -0.041324139 -0.005147302 0.999985516 0.001591146 -0.282264590 0.012036705 -0.001529095 0.999926329 19.975378036
0.999903679 0.005774949 -0.012624585 -0.002394199 -0.005756163 0.999982297 0.001523972 -0.302589834 0.012633165 -0.001451156 0.999919116 20.540040970
0.999890447 0.006301510 -0.013395220 0.052917421 -0.006275628 0.999978364 0.001973290 -0.320889026 0.013407364 -0.001889011 0.999908268 21.096841812
0.999893844 0.005835331 -0.013349265 -0.031208336 -0.005801119 0.999979794 0.002600130 -0.307887942 0.013364168 -0.002522413 0.999907494 21.650726318
0.999880016 0.006930394 -0.013849813 -0.013403714 -0.006907049 0.999974728 0.001732675 -0.311838537 0.013861471 -0.001636806 0.999902606 22.245126724
0.999870241 0.006707524 -0.014641589 0.054767191 -0.006678396 0.999975681 0.002037382 -0.334837317 0.014654898 -0.001939336 0.999890745 22.772645950
0.999879122 0.006670061 -0.014043961 -0.037668198 -0.006634005 0.999974549 0.002612426 -0.328231126 0.014061025 -0.002518942 0.999897957 23.289104462
0.999861896 0.006956937 -0.015096138 0.012058377 -0.006916773 0.999972403 0.002711215 -0.344167441 0.015114587 -0.002606424 0.999882340 23.827733994
0.999848604 0.006897821 -0.015971072 0.066539109 -0.006857737 0.999973297 0.002563139 -0.365821093 0.015988326 -0.002453225 0.999869108 24.355247498
0.999856174 0.007702006 -0.015107854 -0.037779659 -0.007668954 0.999968052 0.002244461 -0.347310543 0.015124662 -0.002128277 0.999883354 24.891929626
0.999839246 0.008165216 -0.015964404 0.002388239 -0.008122507 0.999963284 0.002738153 -0.381533056 0.015986174 -0.002608042 0.999868810 25.445821762
0.999822795 0.007587807 -0.017229516 0.068184704 -0.007555696 0.999969542 0.001928097 -0.394372493 0.017243624 -0.001797574 0.999849677 25.979486465
0.999836624 0.007766034 -0.016321430 -0.027208298 -0.007749664 0.999969363 0.001066024 -0.387788296 0.016329207 -0.000939364 0.999866188 26.466789246
0.999811351 0.007777582 -0.017794503 0.021701306 -0.007762948 0.999969423 0.000891346 -0.410141140 0.017800886 -0.000753040 0.999841213 27.053451538
0.999796867 0.006937866 -0.018917093 0.100524187 -0.006930129 0.999975860 0.000474534 -0.435423970 0.018919924 -0.000343340 0.999821007 27.573980331
0.999808729 0.007129541 -0.018208355 -0.013227135 -0.007130182 0.999974608 0.000029679 -0.419090807 0.018208105 0.000100155 0.999834239 28.095653534
0.999785423 0.006868780 -0.019545589 0.033457637 -0.006861399 0.999976397 0.000444719 -0.438493341 0.019548181 -0.000310514 0.999808908 28.690155029
0.999761581 0.007783978 -0.020400183 0.091114342 -0.007771784 0.999969661 0.000676898 -0.475900322 0.020404834 -0.000518191 0.999791741 29.276510239
0.999799430 0.007662438 -0.018503742 -0.023193896 -0.007667362 0.999970615 -0.000195189 -0.450501561 0.018501699 0.000337024 0.999828756 29.763530731
0.999772012 0.007984727 -0.019801667 0.000746667 -0.007999175 0.999967754 -0.000650595 -0.457820237 0.019795835 0.000808844 0.999803722 30.433347702
0.999735236 0.007941150 -0.021598194 0.110447705 -0.007951769 0.999968290 -0.000405776 -0.493614435 0.021594288 0.000577412 0.999766648 30.963403702
0.999773443 0.007560716 -0.019893955 -0.010359585 -0.007571811 0.999971151 -0.000482235 -0.481835306 0.019889740 0.000632758 0.999801934 31.432075500
0.999779165 0.007255470 -0.019720282 0.030844212 -0.007257526 0.999973655 -0.000032651 -0.501220822 0.019719528 0.000175764 0.999805570 31.879953384
0.999756634 0.008056005 -0.020537235 0.061025739 -0.008048800 0.999967396 0.000433552 -0.521831930 0.020540059 -0.000268146 0.999789059 32.425891876
0.999760330 0.008497374 -0.020174894 0.021540701 -0.008486313 0.999963701 0.000633868 -0.519857168 0.020179553 -0.000462506 0.999796212 32.898426056
0.999750137 0.008834423 -0.020532550 0.058969140 -0.008825744 0.999960899 0.000513314 -0.539193690 0.020536285 -0.000331971 0.999789000 33.450202942
0.999737442 0.008846350 -0.021133834 0.097517729 -0.008841861 0.999960899 0.000305766 -0.551862538 0.021135710 -0.000118824 0.999776542 33.962532043
0.999754488 0.008231337 -0.020571180 0.029450536 -0.008226832 0.999966085 0.000303614 -0.548452854 0.020572986 -0.000134304 0.999788344 34.456817627
0.999745309 0.009185611 -0.020612795 0.046929657 -0.009197980 0.999957561 -0.000505297 -0.559540093 0.020607281 0.000694764 0.999787450 34.979003906
0.999730885 0.009475821 -0.021173228 0.098390400 -0.009483826 0.999954998 -0.000277757 -0.580117583 0.021169646 0.000478486 0.999775767 35.475963593
0.999713600 0.009274121 -0.022061789 0.134217024 -0.009279142 0.999956906 -0.000125210 -0.577085376 0.022059681 0.000329889 0.999756634 35.997970581
0.999733448 0.008683546 -0.021392984 0.042899907 -0.008678103 0.999962270 0.000347282 -0.586262882 0.021395195 -0.000161539 0.999770999 36.496799469
0.999726474 0.009048539 -0.021569531 0.042060971 -0.009060604 0.999958813 -0.000461615 -0.586648703 0.021564465 0.000656922 0.999767184 37.050521851
0.999699950 0.008301548 -0.023046279 0.115756273 -0.008296652 0.999965489 0.000308038 -0.600225508 0.023048045 -0.000116738 0.999734342 37.517406464
0.999660850 0.009092463 -0.024403363 0.140266001 -0.009069133 0.999958336 0.001066536 -0.628772438 0.024412043 -0.000844857 0.999701560 38.078968048
0.999681294 0.008229601 -0.023865202 0.048350930 -0.008197675 0.999965370 0.001435319 -0.626568496 0.023876185 -0.001239222 0.999714136 38.499969482
0.999653101 0.008367956 -0.024972763 0.049599349 -0.008342221 0.999964535 0.001134473 -0.638840258 0.024981372 -0.000925751 0.999687493 39.058803558
0.999622583 0.008391284 -0.026157409 0.086350799 -0.008353590 0.999963939 0.001549888 -0.648480833 0.026169471 -0.001330795 0.999656558 39.545131683
0.999615967 0.008022683 -0.026521770 0.040131092 -0.007962667 0.999965429 0.002367776 -0.653252482 0.026539845 -0.002155682 0.999645412 39.963901520
0.999577701 0.007365964 -0.028110316 0.067743182 -0.007292259 0.999969721 0.002723605 -0.655649006 0.028129531 -0.002517467 0.999601126 40.447116852
0.999547064 0.007338253 -0.029183317 0.080323935 -0.007278612 0.999971151 0.002149368 -0.650254369 0.029198248 -0.001935980 0.999571741 40.923171997
0.999507666 0.008023432 -0.030330393 0.090967655 -0.007986213 0.999967217 0.001348040 -0.630284488 0.030340211 -0.001105152 0.999538958 41.431163788
0.999497592 0.007794614 -0.030721277 -0.003364563 -0.007720051 0.999966979 0.002544966 -0.671097398 0.030740092 -0.002306517 0.999524772 41.872795105
0.999480128 0.008261970 -0.031163855 -0.022939801 -0.008183794 0.999963045 0.002635272 -0.674538970 0.031184478 -0.002378864 0.999510825 42.282676697
0.999456108 0.008162364 -0.031950861 -0.036283016 -0.008105909 0.999965370 0.001896124 -0.670890093 0.031965222 -0.001636102 0.999487698 42.747428894
0.999414086 0.008246220 -0.033217367 -0.027076006 -0.008184897 0.999964535 0.001981748 -0.680489063 0.033232532 -0.001708706 0.999446273 43.171154022
0.999364793 0.007816235 -0.034766518 -0.059057713 -0.007727711 0.999966562 0.002679872 -0.692640662 0.034786299 -0.002409504 0.999391854 43.698993683
0.999342024 0.007662858 -0.035451930 -0.083787799 -0.007567990 0.999967337 0.002809386 -0.702980816 0.035472311 -0.002539237 0.999367416 44.128578186
0.999308407 0.007651417 -0.036387481 -0.089750528 -0.007559418 0.999967873 0.002665234 -0.711005390 0.036406703 -0.002388322 0.999334216 44.575794220
0.999266148 0.008116440 -0.037433110 -0.103399158 -0.008017007 0.999963939 0.002805645 -0.722061157 0.037454527 -0.002503484 0.999295175 45.006198883
0.999218762 0.007912670 -0.038719796 -0.122434258 -0.007800533 0.999964952 0.003046360 -0.717100263 0.038742550 -0.002741945 0.999245405 45.436477661
0.999203265 0.008546377 -0.038983122 -0.151214957 -0.008460852 0.999961376 0.002358382 -0.707930207 0.039001778 -0.002026672 0.999237061 45.839458466
0.999178290 0.008704061 -0.039581716 -0.169708729 -0.008611362 0.999959767 0.002511808 -0.709122777 0.039601985 -0.002168892 0.999213159 46.266147614
0.999141216 0.008929805 -0.040460318 -0.181297064 -0.008826960 0.999957383 0.002719799 -0.718529761 0.040482882 -0.002360322 0.999177456 46.696807861
0.999131620 0.009523803 -0.040562574 -0.208239198 -0.009389451 0.999949753 0.003501477 -0.721004844 0.040593885 -0.003117576 0.999170780 47.077205658
