0.999995708 -0.002160678 0.001993265 0.003261542 0.002157306 0.999996364 0.001692522 0.003585136 -0.001996914 -0.001688214 0.999996603 1.199323297
0.999975204 -0.005245021 0.004696456 0.008822654 0.005225525 0.999977708 0.004153859 0.009844556 -0.004718139 -0.004129215 0.999980271 2.392381430
0.999956965 -0.005275558 0.007631626 0.016613726 0.005229207 0.999967754 0.006080922 0.021256218 -0.007663462 -0.006040753 0.999952376 3.589312792
0.999907851 -0.006752171 0.011778559 0.027299142 0.006682236 0.999959886 0.005966741 0.029285777 -0.011818375 -0.005887483 0.999912739 4.783723831
0.999864459 -0.006010366 0.015331281 0.047246523 0.005942398 0.999972284 0.004474990 0.036551900 -0.015357753 -0.004383278 0.999872386 5.994379520
0.999786973 -0.006074261 0.019724995 0.058401734 0.005989480 0.999972522 0.004354367 0.042226452 -0.019750901 -0.004235296 0.999795973 7.169409752
0.999696076 -0.007011166 0.023635359 0.078656271 0.006860353 0.999955654 0.006455901 0.057661615 -0.023679575 -0.006291792 0.999699831 8.372848511
0.999592543 -0.007592693 0.027514506 0.109868497 0.007363757 0.999937475 0.008412371 0.065591455 -0.027576657 -0.008206335 0.999585927 9.545631409
0.999495268 -0.008300410 0.030664194 0.145448491 0.008049255 0.999933124 0.008304801 0.079157151 -0.030731076 -0.008053785 0.999495268 10.737155914
0.999402106 -0.010110971 0.033064850 0.190351740 0.009910041 0.999931514 0.006235114 0.083336972 -0.033125624 -0.005903712 0.999433756 11.929647446
0.999349058 -0.009001194 0.034934979 0.216593236 0.008836577 0.999949098 0.004863604 0.106133983 -0.034976978 -0.004551732 0.999377728 13.103519440
0.999327183 -0.008988350 0.035558276 0.261262953 0.008845989 0.999952257 0.004158879 0.114645705 -0.035593957 -0.003841533 0.999358952 14.314610481
0.999306142 -0.006563090 0.036661856 0.288937598 0.006469860 0.999975443 0.002661026 0.112035222 -0.036678415 -0.002421983 0.999324143 15.450731277
0.999276698 -0.005264507 0.037663862 0.326952457 0.005318134 0.999984920 -0.001323783 0.116929390 -0.037656330 0.001523128 0.999289632 16.630346298
0.999199688 -0.008000769 0.039190825 0.371299177 0.008033945 0.999967515 -0.000689114 0.125635013 -0.039184034 0.001003420 0.999231458 17.818269730
0.999169588 -0.006857110 0.040164120 0.408146828 0.006752066 0.999973416 0.002750425 0.130522653 -0.040181909 -0.002476950 0.999189317 18.994085312
0.999111116 -0.010356363 0.040862214 0.459620416 0.010081764 0.999925196 0.006920551 0.128546894 -0.040930837 -0.006502435 0.999140799 20.160959244
0.999033272 -0.012164840 0.042245518 0.513310313 0.011847227 0.999899745 0.007760527 0.142099470 -0.042335685 -0.007252531 0.999077082 21.331548691
0.998987138 -0.011585867 0.043478012 0.563791752 0.011245831 0.999904275 0.008057272 0.151863843 -0.043567192 -0.007560165 0.999021888 22.486083984
0.998962820 -0.009726324 0.044483110 0.602890909 0.009380711 0.999924183 0.007971723 0.171983540 -0.044557277 -0.007546171 0.998978317 23.669958115
0.998947799 -0.009228786 0.044923242 0.658671498 0.008929728 0.999936581 0.006853255 0.174676672 -0.044983648 -0.006444892 0.998966873 24.808275223
0.998908520 -0.007377351 0.046124987 0.718552470 0.007104408 0.999956250 0.006078604 0.182077646 -0.046167821 -0.005744277 0.998917162 25.959993362
0.998823643 -0.007068692 0.047972530 0.765923500 0.006739821 0.999952674 0.007013678 0.187085554 -0.048019841 -0.006682101 0.998824000 27.120149612
0.998731971 -0.006044929 0.049979679 0.817890942 0.005590717 0.999941826 0.009222725 0.201982915 -0.050032526 -0.008931607 0.998707712 28.257158279
0.998567343 -0.005183255 0.053257529 0.877199709 0.004716285 0.999949336 0.008890106 0.209494814 -0.053300913 -0.008626191 0.998541236 29.420017242
0.998392880 -0.005105368 0.056441475 0.930413902 0.004658820 0.999956846 0.008040453 0.213469103 -0.056480095 -0.007764582 0.998373568 30.557895660
0.998197496 -0.004924134 0.059812237 0.998354316 0.004480041 0.999961376 0.007556637 0.225812614 -0.059847131 -0.007275055 0.998181045 31.704452515
0.998026848 -0.004007244 0.062660202 1.068667650 0.003485104 0.999958336 0.008439952 0.231943458 -0.062691420 -0.008204921 0.997999251 32.830860138
0.997885644 -0.004769862 0.064818032 1.159388304 0.004219689 0.999953926 0.008622211 0.235999107 -0.064856164 -0.008330470 0.997859836 33.969921112
0.997572839 -0.002717558 0.069576994 1.204891562 0.002190235 0.999968290 0.007654158 0.248992160 -0.069595598 -0.007483190 0.997547209 35.080696106
0.997339070 -0.002653377 0.072853789 1.283741474 0.002126435 0.999971032 0.007309475 0.258888483 -0.072871074 -0.007135105 0.997315943 36.200428009
0.997068346 -0.003564761 0.076434165 1.362094879 0.003072484 0.999973774 0.006557174 0.272228181 -0.076455534 -0.006303106 0.997053087 37.316368103
0.996841431 -0.003885879 0.079322696 1.443801284 0.003489909 0.999980748 0.005129911 0.271917492 -0.079341099 -0.004836880 0.996835709 38.431095123
0.996571839 -0.003711118 0.082649022 1.531389236 0.003558115 0.999991715 0.001998454 0.288367957 -0.082655765 -0.001697529 0.996576726 39.529949188
0.996255994 -0.003364687 0.086386569 1.619494438 0.003187562 0.999992549 0.002188229 0.281305641 -0.086393289 -0.001904674 0.996259272 40.640678406
0.995920658 -0.002125609 0.090209797 1.708957672 0.001768932 0.999990344 0.004033638 0.281322718 -0.090217508 -0.003857608 0.995914578 41.757877350
0.995550156 -0.002674814 0.094194338 1.812649250 0.002447865 0.999993801 0.002524829 0.293767542 -0.094200499 -0.002283019 0.995550752 42.838466644
0.995179832 -0.001971651 0.098046653 1.914865494 0.001629213 0.999992311 0.003572540 0.302030206 -0.098052949 -0.003395582 0.995175421 43.940593719
0.994744956 -0.001272646 0.102375783 2.026556253 0.000724439 0.999985218 0.005391856 0.298713356 -0.102381147 -0.005289358 0.994731188 45.048069000
0.994210660 -0.001979332 0.107429430 2.143326283 0.001448575 0.999986351 0.005018333 0.311055273 -0.107437909 -0.004833661 0.994200051 46.152172089
0.993632019 -0.000684457 0.112672813 2.255297661 0.000150581 0.999988675 0.004746731 0.316260725 -0.112674810 -0.004699536 0.993620813 47.248630524
0.992963850 -0.001697253 0.118405715 2.378303528 0.001049627 0.999984145 0.005531696 0.317889571 -0.118413240 -0.005368492 0.992949903 48.334083557
0.992293894 -0.002444665 0.123882271 2.504951715 0.001787232 0.999983728 0.005417771 0.325904608 -0.123893514 -0.005154616 0.992282152 49.436595917
0.991575301 -0.002784757 0.129500940 2.635172606 0.001967649 0.999977350 0.006437182 0.322889119 -0.129515916 -0.006128139 0.991558492 50.504554749
0.990939915 -0.001843255 0.134294078 2.783392906 0.001096359 0.999983549 0.005635385 0.341015130 -0.134302273 -0.005437093 0.990925491 51.584709167
0.990107775 -0.003751883 0.140258670 2.925088882 0.003323077 0.999989152 0.003291336 0.347320855 -0.140269488 -0.002792686 0.990109384 52.654521942
0.989314079 -0.000943898 0.145797014 3.078929424 0.000545647 0.999996006 0.002771509 0.352038264 -0.145798996 -0.002662340 0.989310563 53.714256287
0.988414884 -0.000311691 0.151775837 3.231455803 -0.000377900 0.999989748 0.004514616 0.352673382 -0.151775688 -0.004519671 0.988404632 54.782455444
0.987601876 -0.000491414 0.156978562 3.397908688 -0.000404869 0.999983847 0.005677565 0.358356267 -0.156978801 -0.005670730 0.987585723 55.829948425
0.986655414 0.000616175 0.162821189 3.547769070 -0.001815867 0.999972284 0.007219438 0.363704473 -0.162812248 -0.007418759 0.986629188 56.841728210
0.985855162 -0.000875694 0.167597473 3.724233150 -0.000484681 0.999967277 0.008075839 0.369649976 -0.167599052 -0.008042838 0.985822439 57.872241974
0.985165238 -0.001386330 0.171602756 3.897048473 0.000027476 0.999968648 0.007920727 0.371924996 -0.171608329 -0.007798510 0.985134363 58.874885559
0.984668195 -0.003049856 0.174410924 4.082481861 0.002145101 0.999983251 0.005375768 0.382916927 -0.174424380 -0.004919219 0.984658301 59.883144379
0.984040141 -0.005310453 0.177867308 4.256034374 0.004622585 0.999980092 0.004281498 0.381247699 -0.177886531 -0.003390959 0.984045088 60.840637207
0.983514428 -0.006454180 0.180714130 4.436789513 0.005510550 0.999968469 0.005723243 0.386608362 -0.180745363 -0.004633058 0.983518958 61.821628571
0.983006060 -0.007964784 0.183400303 4.617529392 0.006487549 0.999941587 0.008653305 0.384157717 -0.183458492 -0.007316433 0.983000219 62.758216858
0.982486844 -0.007218163 0.186192214 4.773540020 0.005433557 0.999934316 0.010093291 0.389302284 -0.186252818 -0.008904839 0.982461631 63.685424805
0.982266903 -0.008978658 0.187272966 4.985079765 0.007311675 0.999927342 0.009590231 0.397335052 -0.187345445 -0.008050887 0.982261121 64.619323730
0.981721699 -0.008764013 0.190120101 5.123622417 0.007349114 0.999939799 0.008145904 0.399214625 -0.190180048 -0.006599798 0.981727064 65.488929749
0.981344283 -0.008723060 0.192060709 5.285323143 0.007701440 0.999951899 0.006065143 0.411825836 -0.192104384 -0.004472851 0.981364310 66.367446899
0.981115818 -0.009185891 0.193202689 5.459341049 0.008587637 0.999955416 0.003933763 0.411415339 -0.193230197 -0.002200323 0.981150985 67.245422363
0.980801284 -0.010430573 0.194731161 5.625633717 0.010264196 0.999945641 0.001863443 0.420161963 -0.194740012 0.000171092 0.980854928 68.093528748
0.980514407 -0.011196900 0.196127445 5.784655571 0.011182114 0.999936879 0.001182741 0.420715660 -0.196128294 0.001033424 0.980577707 68.981437683
0.980297923 -0.012458711 0.197131082 5.969109535 0.011886418 0.999920964 0.004086083 0.416651398 -0.197166398 -0.001662396 0.980368733 69.792488098
0.979960620 -0.010555136 0.198911473 6.132013321 0.009320847 0.999931037 0.007140600 0.424269080 -0.198973134 -0.005143483 0.979991436 70.641815186
0.979587317 -0.009777812 0.200781122 6.293976784 0.008189606 0.999928236 0.008739260 0.423004866 -0.200852185 -0.006916550 0.979597270 71.454338074
0.979196250 -0.006951197 0.202796385 6.450707436 0.005605630 0.999958336 0.007208685 0.421069503 -0.202838078 -0.005921916 0.979194403 72.260025024
0.978796184 -0.005795913 0.204754248 6.613659859 0.004830339 0.999974728 0.005215268 0.428732097 -0.204779327 -0.004115652 0.978799522 73.042800903
0.978429973 -0.005430076 0.206507459 6.774328232 0.004674786 0.999980450 0.004145220 0.434573472 -0.206525952 -0.003090430 0.978436291 73.820091248
0.978107989 -0.004614029 0.208046466 6.928647041 0.003843157 0.999984145 0.004109338 0.429913044 -0.208062127 -0.003219822 0.978110313 74.574485779
0.977773905 -0.004486471 0.209613711 7.088989258 0.003801757 0.999986053 0.003669367 0.435854256 -0.209627241 -0.002790912 0.977777421 75.317146301
0.977444053 -0.006269996 0.211101189 7.245071411 0.005539484 0.999976397 0.004051661 0.427943230 -0.211121619 -0.002790880 0.977455795 76.039184570
0.977155924 -0.006498065 0.212424427 7.390635490 0.005754554 0.999974966 0.004118199 0.431387544 -0.212445870 -0.002801714 0.977168858 76.728050232
0.976803958 -0.006072990 0.214049011 7.540574074 0.005317980 0.999977469 0.004102929 0.434435725 -0.214069113 -0.002869449 0.976814330 77.438064575
0.976477206 -0.006617199 0.215519205 7.691319466 0.005812319 0.999973536 0.004368182 0.433366388 -0.215542436 -0.003012764 0.976489842 78.119674683
0.976179481 -0.007156400 0.216846511 7.837933540 0.006269588 0.999969006 0.004777273 0.430450171 -0.216873989 -0.003303937 0.976194024 78.765823364
0.975745678 -0.008117423 0.218757272 7.973012924 0.007139170 0.999960601 0.005261956 0.431735039 -0.218791395 -0.003572585 0.975765049 79.401077271
0.975418746 -0.007797187 0.220221385 8.122589111 0.006837958 0.999963522 0.005117716 0.442576319 -0.220253259 -0.003486053 0.975436449 80.043197632
0.975084305 -0.007898179 0.221693993 8.246303558 0.006867021 0.999961734 0.005421682 0.430339664 -0.221728355 -0.003764220 0.975101233 80.625816345
0.974687934 -0.007454215 0.223445565 8.378296852 0.006446532 0.999965489 0.005238866 0.433767080 -0.223476887 -0.003665810 0.974702418 81.211776733
0.974292219 -0.007046109 0.225177795 8.503276825 0.006089501 0.999969184 0.004942496 0.440099180 -0.225205660 -0.003444215 0.974305153 81.760894775
0.973908365 -0.006669299 0.226843491 8.626124382 0.005607684 0.999970019 0.005324068 0.443491608 -0.226872176 -0.003913087 0.973916650 82.313392639
0.973555565 -0.006712858 0.228351593 8.761991501 0.005789801 0.999972165 0.004711933 0.446615160 -0.228376850 -0.003265218 0.973567247 82.855880737
0.973121941 -0.006355351 0.230202481 8.872815132 0.005351910 0.999973238 0.004983090 0.440560877 -0.230227977 -0.003617132 0.973129988 83.346237183
0.972797155 -0.006842366 0.231557131 8.994252205 0.005754422 0.999968946 0.005373484 0.442067415 -0.231586710 -0.003894832 0.972806454 83.840415955
0.972345531 -0.006522658 0.233455658 9.100601196 0.005440817 0.999971271 0.005277728 0.440600961 -0.233483389 -0.003861586 0.972353160 84.322753906
0.971967161 -0.006030554 0.235039264 9.209486008 0.004952616 0.999974430 0.005176237 0.443486691 -0.235064462 -0.003867075 0.971972048 84.768013000
0.971615553 -0.005860880 0.236492991 9.311781883 0.004904214 0.999977231 0.004633271 0.440281838 -0.236514762 -0.003341945 0.971622169 85.205963135
0.971367896 -0.004421857 0.237539321 9.420076370 0.003550656 0.999985397 0.004095314 0.443220675 -0.237553924 -0.003134636 0.971369267 85.638969421
0.970919967 -0.003472794 0.239378676 9.516122818 0.002613488 0.999988914 0.003907064 0.446615219 -0.239389569 -0.003167834 0.970918417 86.051559448
0.970585525 -0.003246094 0.240734845 9.610276222 0.002320851 0.999988794 0.004126836 0.444574535 -0.240745530 -0.003446738 0.970582128 86.445739746
0.970408678 -0.004667754 0.241423368 9.714886665 0.003714905 0.999983370 0.004401817 0.445732862 -0.241439864 -0.003374697 0.970409930 86.831802368
0.970007122 -0.004598304 0.243032902 9.802211761 0.003617227 0.999983549 0.004482896 0.446939200 -0.243049458 -0.003469336 0.970007718 87.204856873
0.969920933 -0.004520685 0.243378177 9.893766403 0.003417502 0.999981940 0.004954826 0.450883865 -0.243396148 -0.003974043 0.969918907 87.563232422
0.969908893 -0.004506766 0.243426532 9.980942726 0.003426684 0.999982297 0.004860254 0.448804021 -0.243444160 -0.003879857 0.969907165 87.896316528
0.969908893 -0.004123777 0.243433267 10.054409027 0.002906657 0.999981463 0.005358793 0.449719042 -0.243450835 -0.004489964 0.969902933 88.241378784
0.969914138 -0.002783331 0.243431434 10.126591682 0.001622132 0.999986470 0.004970454 0.452264309 -0.243441939 -0.004426036 0.969905376 88.549118042
0.969974458 -0.002548638 0.243193403 10.206374168 0.001480510 0.999988496 0.004574761 0.450072169 -0.243202239 -0.004077351 0.969967008 88.842849731
0.969962358 -0.002727643 0.243239939 10.271888733 0.001640006 0.999987841 0.004673846 0.452419430 -0.243249670 -0.004134539 0.969954967 89.117233276
0.969959617 -0.003017275 0.243247211 10.333607674 0.001946402 0.999987364 0.004642628 0.452245057 -0.243258119 -0.004029703 0.969953299 89.378303528
0.969918847 -0.003229174 0.243406937 10.398812294 0.002159976 0.999986768 0.004659397 0.451425165 -0.243418768 -0.003993484 0.969913006 89.661201477
0.969935954 -0.003924072 0.243329033 10.463162422 0.002869692 0.999984920 0.004687460 0.453072488 -0.243343741 -0.003848256 0.969932497 89.906784058
0.969905376 -0.004166109 0.243446440 10.520602226 0.003120477 0.999984145 0.004680598 0.451461345 -0.243462086 -0.003780068 0.969903052 90.145828247
0.969972730 -0.004621845 0.243169829 10.579244614 0.003631488 0.999983191 0.004520806 0.452230513 -0.243186608 -0.003501989 0.969973147 90.361618042
0.969938099 -0.004780941 0.243305072 10.630355835 0.003638142 0.999980152 0.005146104 0.450376183 -0.243324816 -0.004106222 0.969936192 90.573760986
0.969900012 -0.003815074 0.243473694 10.677585602 0.002759670 0.999985278 0.004675715 0.455998063 -0.243487939 -0.003863068 0.969896257 90.781700134
0.969891608 -0.003070524 0.243517667 10.723436356 0.001912547 0.999985754 0.004991493 0.454052836 -0.243529499 -0.004375469 0.969883621 90.965354919
0.969852149 -0.003392878 0.243670568 10.768750191 0.002230668 0.999984801 0.005045372 0.461311638 -0.243683979 -0.004349716 0.969844937 91.149002075
0.969851494 -0.003925887 0.243665084 10.813266754 0.002788067 0.999983609 0.005014301 0.458606035 -0.243680790 -0.004183773 0.969846427 91.314704895
0.969867826 -0.004210953 0.243595451 10.851699829 0.003047984 0.999982119 0.005150900 0.458270341 -0.243612766 -0.004253217 0.969863296 91.475334167
0.969915271 -0.005005558 0.243391395 10.893054962 0.003796148 0.999978006 0.005437770 0.458679318 -0.243413284 -0.004350227 0.969912946 91.613349915
0.969867349 -0.005695454 0.243567035 10.926743507 0.004660609 0.999977469 0.004824761 0.461163521 -0.243589029 -0.003544206 0.969872057 91.758010864
0.969832957 -0.005857659 0.243700027 10.956532478 0.004763593 0.999975741 0.005078492 0.459902763 -0.243723869 -0.003764400 0.969837308 91.888771057
0.969769478 -0.005436321 0.243962273 10.985691071 0.004355281 0.999978185 0.004970372 0.466940373 -0.243983954 -0.003757591 0.969771922 92.015792847
0.969808161 -0.006299922 0.243787587 11.017089844 0.005248019 0.999973953 0.004964096 0.461488903 -0.243812501 -0.003534818 0.969815910 92.125205994
0.969850659 -0.005954915 0.243627191 11.045414925 0.004910933 0.999975979 0.004892315 0.463073015 -0.243650466 -0.003548377 0.969856620 92.235870361
0.969719052 -0.006166502 0.244145244 11.061554909 0.005138765 0.999975145 0.004846254 0.462330192 -0.244169012 -0.003444899 0.969726562 92.337692261
0.969882071 -0.005874757 0.243504614 11.094833374 0.004839659 0.999976516 0.004848867 0.461790562 -0.243527398 -0.003524349 0.969887555 92.445106506
0.969896793 -0.005676811 0.243450135 11.122306824 0.004713329 0.999978542 0.004539927 0.467483252 -0.243470699 -0.003255801 0.969902754 92.545845032
0.969821513 -0.005450967 0.243755177 11.141594887 0.004526418 0.999980211 0.004352901 0.465565979 -0.243774101 -0.003118199 0.969826996 92.645362854
0.969852626 -0.005808066 0.243623123 11.162615776 0.004840823 0.999977827 0.004568744 0.463774383 -0.243644252 -0.003251671 0.969859183 92.735916138
0.969828665 -0.006051717 0.243712336 11.189642906 0.005068134 0.999976218 0.004662675 0.462830901 -0.243734777 -0.003286830 0.969836354 92.831718445
0.969810545 -0.005795660 0.243790463 11.214535713 0.004824935 0.999977887 0.004578761 0.464641422 -0.243811563 -0.003264259 0.969817162 92.930992126
0.969869196 -0.004922133 0.243576512 11.234330177 0.004275402 0.999985695 0.003183734 0.467187852 -0.243588701 -0.002046417 0.969876468 93.020790100
0.969900131 -0.004440730 0.243462458 11.256504059 0.003996951 0.999989271 0.002316740 0.463668078 -0.243470162 -0.001273900 0.969907582 93.106956482
0.969717801 -0.004567984 0.244185120 11.275560379 0.004161549 0.999988854 0.002180333 0.463502139 -0.244192377 -0.001098119 0.969726086 93.191154480
0.969523609 -0.004044705 0.244964242 11.295578957 0.003521838 0.999990523 0.002572459 0.464564502 -0.244972304 -0.001631336 0.969528675 93.282318115
0.969554782 -0.004012205 0.244841948 11.318853378 0.003609610 0.999991238 0.002093007 0.464189351 -0.244848222 -0.001145500 0.969560683 93.365753174
0.969434083 -0.003494339 0.245327041 11.346638680 0.003197147 0.999993563 0.001609661 0.471218765 -0.245331094 -0.000776114 0.969439030 93.459594727
0.969345033 -0.004074729 0.245669782 11.367074966 0.003693838 0.999991179 0.002011195 0.468790114 -0.245675817 -0.001042077 0.969351411 93.546417236
0.969255626 -0.004152759 0.246020824 11.386340141 0.003754809 0.999990761 0.002086615 0.465832174 -0.246027231 -0.001098702 0.969262302 93.622619629
0.969176173 -0.004122387 0.246334150 11.409568787 0.003615459 0.999990225 0.002510127 0.466493011 -0.246342078 -0.001542144 0.969181716 93.707725525
0.969030201 -0.004256226 0.246905282 11.420776367 0.003722877 0.999989510 0.002626923 0.465111822 -0.246913865 -0.001626369 0.969036043 93.776733398
0.968975604 -0.004582326 0.247113705 11.441266060 0.004131445 0.999988735 0.002343066 0.465629011 -0.247121647 -0.001249438 0.968983650 93.844863892
0.968896925 -0.004792345 0.247417644 11.460871696 0.004286375 0.999987423 0.002583600 0.466544688 -0.247426912 -0.001442718 0.968905509 93.916236877
0.968848228 -0.004976942 0.247605547 11.479799271 0.004568150 0.999987066 0.002225456 0.468165219 -0.247613430 -0.001025030 0.968858361 93.976425171
0.968782306 -0.005748172 0.247846156 11.496901512 0.005406639 0.999983191 0.002058617 0.469438881 -0.247853860 -0.000654337 0.968797266 94.040794373
0.968732774 -0.005497225 0.248045281 11.510237694 0.005002839 0.999984086 0.002623399 0.467111349 -0.248055741 -0.001300442 0.968744934 94.101875305
0.968723297 -0.005368122 0.248085245 11.526767731 0.004927880 0.999984860 0.002395505 0.469111264 -0.248094365 -0.001098047 0.968735218 94.155281067
0.968655467 -0.005388595 0.248349473 11.542204857 0.005137917 0.999985337 0.001657519 0.472265899 -0.248354778 -0.000329566 0.968668997 94.211967468
0.968582809 -0.005860090 0.248622045 11.553316116 0.005529664 0.999982536 0.002027373 0.470642567 -0.248629600 -0.000588882 0.968598425 94.260772705
0.968514085 -0.005830980 0.248890445 11.563585281 0.005485988 0.999982655 0.002079721 0.470684141 -0.248898298 -0.000648828 0.968529344 94.310890198
0.968442261 -0.005657955 0.249173611 11.576526642 0.005292295 0.999983668 0.002137386 0.472931445 -0.249181643 -0.000751235 0.968456447 94.359863281
0.968368471 -0.005834856 0.249456152 11.588689804 0.005477508 0.999982595 0.002126662 0.473118007 -0.249464273 -0.000692994 0.968383729 94.406806946
0.968370497 -0.005773689 0.249449924 11.600380898 0.005539387 0.999983191 0.001641264 0.474224210 -0.249455228 -0.000207552 0.968386352 94.446243286
0.968357086 -0.006141091 0.249492973 11.613715172 0.005949960 0.999981165 0.001520237 0.473728120 -0.249497592 0.000012341 0.968375444 94.485397339
0.968345404 -0.006581843 0.249526918 11.623670578 0.006382111 0.999978364 0.001609499 0.473181784 -0.249532104 0.000033957 0.968366563 94.516136169
0.968270063 -0.006397233 0.249823973 11.628051758 0.006266922 0.999979496 0.001317041 0.476006538 -0.249827266 0.000290376 0.968290448 94.548309326
0.968264401 -0.006594112 0.249841049 11.636354446 0.006438227 0.999978244 0.001441165 0.474598527 -0.249845117 0.000213105 0.968285739 94.573547363
0.968203664 -0.006590658 0.250076294 11.641567230 0.006413081 0.999978304 0.001524919 0.475446463 -0.250080884 0.000127327 0.968224943 94.594886780
0.968160093 -0.006634716 0.250244021 11.644701004 0.006463857 0.999978006 0.001504621 0.473839372 -0.250248522 0.000160828 0.968181610 94.614868164
0.968145013 -0.006534322 0.250304580 11.648138046 0.006335274 0.999978662 0.001600921 0.473598510 -0.250309736 0.000035824 0.968165755 94.628318787
0.968107998 -0.006365353 0.250452310 11.649578094 0.006142484 0.999979734 0.001671524 0.473052144 -0.250457883 -0.000079817 0.968127489 94.645599365
0.968122721 -0.006378566 0.250394672 11.653584480 0.006187197 0.999979675 0.001551427 0.475111842 -0.250399470 0.000047269 0.968142629 94.652671814
0.968090534 -0.006436710 0.250518203 11.655145645 0.006218050 0.999979258 0.001664320 0.473102748 -0.250523716 -0.000053477 0.968110442 94.660072327
0.968095064 -0.006436191 0.250500441 11.655044556 0.006184550 0.999979258 0.001791716 0.472558022 -0.250506759 -0.000185319 0.968114913 94.660964966
0.968095243 -0.006575733 0.250496030 11.654389381 0.006316330 0.999978364 0.001839484 0.471754670 -0.250502706 -0.000198580 0.968115866 94.659820557
0.968137085 -0.006348894 0.250340253 11.656609535 0.006231494 0.999979854 0.001261584 0.473850071 -0.250343204 0.000338608 0.968157053 94.658302307
0.968076468 -0.006416006 0.250572681 11.654442787 0.006314198 0.999979436 0.001210215 0.473995328 -0.250575274 0.000410585 0.968097031 94.660545349
0.968102694 -0.006816395 0.250461042 11.657879829 0.006659649 0.999976754 0.001473334 0.473057449 -0.250465244 0.000241644 0.968125582 94.662361145
0.968106508 -0.006695037 0.250449330 11.656605721 0.006564192 0.999977589 0.001357756 0.473512590 -0.250452787 0.000329545 0.968128800 94.662513733
0.968117297 -0.006573761 0.250410825 11.656203270 0.006519530 0.999978185 0.001046072 0.474128902 -0.250412226 0.000619841 0.968139112 94.660484314
0.968123615 -0.006697350 0.250383347 11.658853531 0.006571417 0.999977589 0.001338964 0.473961204 -0.250386685 0.000349090 0.968145847 94.664115906
0.968124628 -0.006612830 0.250381649 11.657908440 0.006502384 0.999978125 0.001268328 0.475025326 -0.250384539 0.000400179 0.968146384 94.662284851
0.968098879 -0.006400940 0.250486672 11.657323837 0.006306645 0.999979436 0.001179113 0.474491984 -0.250489026 0.000438233 0.968119323 94.663253784
0.968104661 -0.006627508 0.250458539 11.658644676 0.006566955 0.999977827 0.001077475 0.475808173 -0.250460178 0.000601641 0.968126714 94.663505554
0.968103528 -0.006628972 0.250462830 11.657094955 0.006459704 0.999978065 0.001497886 0.473005265 -0.250467271 0.000167807 0.968125045 94.661834717
0.968114734 -0.006657196 0.250418782 11.659322739 0.006556373 0.999977767 0.001236836 0.474578142 -0.250421435 0.000444440 0.968136787 94.661689758
0.968121350 -0.006565098 0.250395447 11.659222603 0.006474680 0.999978423 0.001184840 0.474574059 -0.250397801 0.000474162 0.968142867 94.662445068
0.968117833 -0.006813135 0.250402570 11.659153938 0.006705284 0.999976695 0.001283824 0.473771036 -0.250405461 0.000436127 0.968140960 94.660545349
0.968106806 -0.006709154 0.250447899 11.656916618 0.006599464 0.999977410 0.001277776 0.473609984 -0.250450820 0.000415798 0.968129218 94.660598755
0.968087196 -0.006645933 0.250525475 11.658313751 0.006579638 0.999977708 0.001102174 0.475118399 -0.250527233 0.000581367 0.968109310 94.665115356
0.968126416 -0.006661503 0.250373423 11.660331726 0.006569409 0.999977708 0.001203545 0.474899769 -0.250375867 0.000479622 0.968148649 94.663993835
0.968120098 -0.006768879 0.250394970 11.660625458 0.006656742 0.999976993 0.001294752 0.473790467 -0.250397980 0.000413339 0.968142927 94.662002563
0.968123853 -0.006603981 0.250384718 11.659298897 0.006493131 0.999978185 0.001268773 0.473930568 -0.250387609 0.000397451 0.968145609 94.662841797
0.968121588 -0.006521875 0.250395894 11.659748077 0.006456072 0.999978602 0.001084170 0.475287646 -0.250397593 0.000566966 0.968142986 94.663421631
0.968123794 -0.006611154 0.250384927 11.657732010 0.006487626 0.999978125 0.001318711 0.474207342 -0.250388145 0.000347728 0.968145430 94.662010193
0.968110919 -0.006492634 0.250438124 11.658551216 0.006417224 0.999978840 0.001117692 0.476117492 -0.250440091 0.000525068 0.968131900 94.660705566
0.968098879 -0.006569485 0.250482202 11.657830238 0.006480691 0.999978364 0.001179291 0.474478751 -0.250484496 0.000481627 0.968120456 94.660614014
0.968120337 -0.006652793 0.250397265 11.659857750 0.006555676 0.999977767 0.001221906 0.474226266 -0.250399798 0.000458571 0.968142450 94.660919189
0.968112528 -0.006640001 0.250427783 11.660458565 0.006517590 0.999977887 0.001318121 0.473372579 -0.250431031 0.000356096 0.968134344 94.662231445
0.968127429 -0.006576653 0.250371695 11.658761024 0.006468035 0.999978304 0.001256646 0.473927259 -0.250374556 0.000402819 0.968148947 94.658889771
0.968117952 -0.006560469 0.250408769 11.657444000 0.006437265 0.999978423 0.001311037 0.473720938 -0.250411987 0.000342709 0.968139291 94.657821655
0.968121350 -0.006427728 0.250399292 11.658718109 0.006319412 0.999979317 0.001236577 0.474745572 -0.250402063 0.000385219 0.968141854 94.660270691
0.968139112 -0.006718424 0.250322849 11.660806656 0.006599205 0.999977350 0.001315596 0.473930001 -0.250325978 0.000378252 0.968161583 94.661659241
0.968142033 -0.006501575 0.250317037 11.658837318 0.006372218 0.999978840 0.001327214 0.473823607 -0.250320405 0.000310143 0.968163013 94.659408569
0.968118429 -0.006610651 0.250406235 11.657429695 0.006462857 0.999978125 0.001412493 0.472511709 -0.250410080 0.000250879 0.968139768 94.660545349
0.968129575 -0.006647530 0.250361830 11.658301353 0.006533121 0.999977827 0.001288035 0.473384082 -0.250364780 0.000388660 0.968151510 94.661468506
0.968113840 -0.006670552 0.250422001 11.658292770 0.006533444 0.999977708 0.001378817 0.472343683 -0.250425547 0.000301266 0.968135774 94.662620544
0.968117237 -0.006592531 0.250410974 11.658864975 0.006443530 0.999978244 0.001414856 0.472663343 -0.250414789 0.000243784 0.968138576 94.662597656
0.968093753 -0.006417143 0.250506282 11.657295227 0.006285673 0.999979377 0.001324875 0.472936183 -0.250509560 0.000291997 0.968114078 94.663024902
0.968106329 -0.006669387 0.250451118 11.658038139 0.006534345 0.999977708 0.001370716 0.472799361 -0.250454605 0.000309535 0.968128264 94.662231445
0.968122780 -0.006530609 0.250391543 11.658809662 0.006417613 0.999978602 0.001267749 0.473840177 -0.250394434 0.000379579 0.968143821 94.662399292
0.968109548 -0.006621151 0.250439912 11.658685684 0.006523750 0.999978006 0.001219063 0.473951966 -0.250442415 0.000453621 0.968131423 94.662483215
0.968138278 -0.006616643 0.250328928 11.659449577 0.006502721 0.999978065 0.001282174 0.473645717 -0.250331938 0.000386497 0.968159974 94.661895752
0.968126059 -0.006496536 0.250379264 11.659024239 0.006396653 0.999978840 0.001212690 0.474208087 -0.250381798 0.000427552 0.968147099 94.663070679
0.968116581 -0.006489491 0.250416130 11.658885002 0.006367246 0.999978900 0.001298308 0.473868936 -0.250419199 0.000337548 0.968137443 94.662719727
0.968127906 -0.006547772 0.250370950 11.658641815 0.006421231 0.999978483 0.001322277 0.473328948 -0.250374168 0.000327556 0.968149066 94.663673401
0.968126535 -0.006560086 0.250375867 11.658646584 0.006429048 0.999978483 0.001341235 0.472906411 -0.250379235 0.000311193 0.968147814 94.663391113
0.968138933 -0.006544758 0.250328034 11.659030914 0.006431318 0.999978483 0.001271160 0.473302454 -0.250330895 0.000379280 0.968160272 94.662300110
0.968112290 -0.006627148 0.250428885 11.658905983 0.006523018 0.999977946 0.001245813 0.473524064 -0.250431538 0.000427465 0.968134224 94.663574219
0.968137741 -0.006656499 0.250330359 11.659978867 0.006562524 0.999977708 0.001210103 0.474053264 -0.250332832 0.000471253 0.968159676 94.661727905
0.968114793 -0.006623839 0.250419706 11.657364845 0.006502950 0.999978006 0.001310171 0.473143697 -0.250422835 0.000360071 0.968136489 94.662170410
0.968131363 -0.006527701 0.250357866 11.659227371 0.006422513 0.999978602 0.001237127 0.473553777 -0.250360519 0.000410225 0.968152583 94.662300110
0.968115270 -0.006568129 0.250419259 11.657644272 0.006464155 0.999978364 0.001237684 0.473805428 -0.250421911 0.000420528 0.968136728 94.661064148
0.968123615 -0.006436244 0.250390202 11.657374382 0.006334321 0.999979258 0.001212921 0.473932981 -0.250392765 0.000411794 0.968144238 94.661071777
0.968129158 -0.006576336 0.250365078 11.659032822 0.006451947 0.999978244 0.001317582 0.473098874 -0.250368297 0.000339752 0.968150616 94.662391663
0.968120813 -0.006543529 0.250398308 11.657989502 0.006434967 0.999978542 0.001252255 0.473464310 -0.250401050 0.000398971 0.968142092 94.660751343
0.968114972 -0.006617638 0.250419021 11.658535957 0.006515692 0.999978006 0.001236146 0.473661929 -0.250421613 0.000434922 0.968136787 94.663352966
0.968124390 -0.006479844 0.250386238 11.658393860 0.006370061 0.999978960 0.001248855 0.473803639 -0.250389010 0.000385929 0.968145251 94.661933899
0.968103945 -0.006469427 0.250465900 11.657515526 0.006369762 0.999979019 0.001208553 0.473717868 -0.250468493 0.000425404 0.968124688 94.663192749
0.968129158 -0.006479065 0.250367761 11.658692360 0.006391688 0.999978960 0.001162087 0.473874092 -0.250369966 0.000475222 0.968150139 94.661422729
0.968116999 -0.006415297 0.250416279 11.657075882 0.006314771 0.999979377 0.001204905 0.474101901 -0.250418812 0.000414833 0.968137443 94.661026001
0.968124568 -0.006452756 0.250386089 11.658899307 0.006369850 0.999979079 0.001141490 0.474951714 -0.250388235 0.000489817 0.968145370 94.663032532
0.968135118 -0.006440504 0.250345618 11.658248901 0.006341558 0.999979198 0.001201875 0.474379510 -0.250348091 0.000424003 0.968155801 94.661773682
0.968122184 -0.006543669 0.250392973 11.657888412 0.006442219 0.999978483 0.001224766 0.474159807 -0.250395536 0.000427363 0.968143523 94.661193848
0.968105555 -0.006498406 0.250458598 11.656751633 0.006390441 0.999978840 0.001244304 0.473513603 -0.250461370 0.000395923 0.968126535 94.661613464
0.968117476 -0.006473615 0.250413120 11.657063484 0.006371100 0.999979019 0.001220007 0.474161655 -0.250415713 0.000414296 0.968138337 94.662055969
0.968112767 -0.006484023 0.250431001 11.657981873 0.006413095 0.999978781 0.001099254 0.474764556 -0.250432819 0.000541836 0.968133748 94.660339355
0.968118727 -0.006576759 0.250405431 11.658193588 0.006478637 0.999978244 0.001216137 0.473853767 -0.250407964 0.000444920 0.968140304 94.660423279
