0.999986470 -0.000269761 0.005196549 0.005468928 0.000267623 0.999999881 0.000412145 0.009111694 -0.005196659 -0.000410748 0.999986410 0.699192166
0.999930143 0.001427036 0.011743112 0.006246137 -0.001453249 0.999996483 0.002223995 0.017822057 -0.011739898 -0.002240905 0.999928594 1.367008686
0.999901712 0.002186148 0.013849003 0.028482335 -0.002209788 0.999996126 0.001691912 0.053626038 -0.013845251 -0.001722349 0.999902666 2.399225712
0.999588370 0.002453916 0.028582543 0.040194321 -0.002675681 0.999966621 0.007723115 0.009636089 -0.028562637 -0.007796414 0.999561608 2.648275375
0.999186039 0.004501762 0.040085990 0.060781255 -0.004827878 0.999955952 0.008042319 0.008834824 -0.040048011 -0.008229303 0.999163866 3.270455122
0.998589754 0.008030874 0.052479487 0.100803882 -0.008310076 0.999952435 0.005104140 0.028209599 -0.052435994 -0.005533051 0.998608947 3.956853390
0.997575104 0.007675665 0.069172710 0.135977164 -0.007961121 0.999961019 0.003852016 0.011364133 -0.069140427 -0.004393368 0.997597396 4.456198215
0.996159375 0.008888033 0.087106094 0.191393077 -0.009087873 0.999956906 0.001897883 0.013322039 -0.087085485 -0.002682203 0.996197224 5.030629158
0.994064093 0.010050562 0.108330712 0.254667670 -0.010244918 0.999946713 0.001237664 0.014036192 -0.108312503 -0.002340156 0.994114161 5.581138611
0.991261303 0.008647810 0.131629214 0.334069312 -0.008811370 0.999960959 0.000660193 0.012710050 -0.131618366 -0.001814258 0.991298795 6.112532139
0.987546623 0.008757913 0.157083079 0.431994498 -0.008712966 0.999961615 -0.000974752 0.009171034 -0.157085583 -0.000406046 0.987584889 6.650486469
0.982159674 0.012523164 0.187631473 0.533229232 -0.011556132 0.999913692 -0.006246907 0.006225362 -0.187693536 0.003967165 0.982219577 7.152030468
0.975337684 0.015950322 0.220141262 0.657405138 -0.013531702 0.999830425 -0.012490343 -0.004715152 -0.220303178 0.009203414 0.975388050 7.661468983
0.966484904 0.018379755 0.256064743 0.795954227 -0.014303629 0.999739766 -0.017771792 -0.005667657 -0.256324798 0.013513513 0.966496229 8.161834717
0.956052065 0.018295089 0.292625517 0.964583397 -0.012873164 0.999708116 -0.020443644 -0.010520041 -0.292914182 0.015778171 0.956008554 8.657126427
0.943457425 0.019352688 0.330928385 1.144330621 -0.012286429 0.999650061 -0.023431614 -0.023794264 -0.331266046 0.018040802 0.943364918 9.141940117
0.928813994 0.021173203 0.369940907 1.348126650 -0.012212811 0.999572992 -0.026546760 -0.035426289 -0.370345026 0.020138981 0.928675890 9.619101524
0.912628591 0.021174284 0.408241034 1.572621584 -0.010784470 0.999557137 -0.027735308 -0.045863196 -0.408647507 0.020909371 0.912452757 10.072457314
0.894783199 0.020709496 0.446020424 1.816879511 -0.008696494 0.999542594 -0.028964035 -0.053396225 -0.446416229 0.022037717 0.894554079 10.524289131
0.875599921 0.017475436 0.482720792 2.061145544 -0.003704527 0.999558926 -0.029466396 -0.072228700 -0.483022809 0.024012525 0.875278473 10.945317268
0.854984879 0.015465227 0.518422365 2.329253197 0.000479334 0.999531388 -0.030607868 -0.086425230 -0.518652856 0.026417756 0.854576766 11.350543022
0.832556725 0.015774820 0.553715169 2.627754450 0.002344491 0.999485135 -0.031999510 -0.110596165 -0.553934872 0.027939592 0.832091093 11.774329185
0.807573676 0.020082522 0.589424908 2.942490816 -0.000282299 0.999433100 -0.033665296 -0.119610429 -0.589766800 0.027020812 0.807121396 12.172865868
0.779713631 0.026577516 0.625572085 3.266926289 -0.005926845 0.999367237 -0.035071030 -0.139681786 -0.626108289 0.023637693 0.779377580 12.579523087
0.749767125 0.029143808 0.661059737 3.629970074 -0.007618313 0.999343634 -0.035416946 -0.149856687 -0.661657989 0.021518297 0.749496937 12.962178230
0.715995312 0.026651651 0.697596133 4.008479595 -0.005904945 0.999466419 -0.032123908 -0.178247392 -0.698080122 0.018881302 0.715770662 13.342941284
0.679319680 0.025294008 0.733406425 4.435871601 -0.003591665 0.999508560 -0.031144651 -0.185675994 -0.733833671 0.018523028 0.679076612 13.703907013
0.640160203 0.025848297 0.767806470 4.880910873 -0.002339856 0.999494791 -0.031697255 -0.199014887 -0.768237770 0.018494766 0.639897227 14.044878006
0.598609090 0.027043141 0.800584674 5.342513561 -0.002685947 0.999492109 -0.031753760 -0.216873214 -0.801036775 0.016857760 0.598377705 14.375856400
0.555143416 0.027364964 0.831304252 5.830384254 -0.003533203 0.999527216 -0.030543081 -0.232419133 -0.831746995 0.014018624 0.554977596 14.680892944
0.510230243 0.027193859 0.859607756 6.320995808 -0.004810313 0.999574542 -0.028766520 -0.252867371 -0.860024452 0.010542565 0.510144055 14.958668709
0.463083535 0.027115295 0.885899782 6.868368626 -0.003795157 0.999583542 -0.028611047 -0.263910115 -0.886306524 0.009887177 0.462993473 15.237316132
0.414318979 0.025168639 0.909783721 7.413950443 -0.000746625 0.999626637 -0.027314078 -0.275841326 -0.910131395 0.010637473 0.414183080 15.469470024
0.365211427 0.023342170 0.930631876 8.004518509 0.002561715 0.999656618 -0.026078757 -0.291382909 -0.930921078 0.011908274 0.365026295 15.675352097
0.316849709 0.021903329 0.948222756 8.593426704 0.005876258 0.999668777 -0.025055259 -0.303506047 -0.948457539 0.013510754 0.316616148 15.853266716
0.272776872 0.021249121 0.961842597 9.229287148 0.009051211 0.999655128 -0.024651386 -0.315443337 -0.962034762 0.015430169 0.272490531 16.019886017
0.234652981 0.020139402 0.971870482 9.849103928 0.013063986 0.999629736 -0.023868866 -0.330625921 -0.971991539 0.018297402 0.234302968 16.156587601
0.201745883 0.020242270 0.979228675 10.502146721 0.017518152 0.999551773 -0.024271570 -0.343723327 -0.979281247 0.022050966 0.201300889 16.268537521
0.174052566 0.020973852 0.984512985 11.209307671 0.020406490 0.999481559 -0.024900412 -0.352422297 -0.984524906 0.024424434 0.173534334 16.373188019
0.150325492 0.020852126 0.988416672 11.890974045 0.020885045 0.999487460 -0.024262032 -0.362246126 -0.988415956 0.024290327 0.149812937 16.475353241
0.131126180 0.020470113 0.991154313 12.607269287 0.022299575 0.999472857 -0.023592072 -0.378412157 -0.991114795 0.025195859 0.130600616 16.570329666
0.116663218 0.020595673 0.992958009 13.320793152 0.024689158 0.999415874 -0.023630369 -0.391457111 -0.992864609 0.027272088 0.116086580 16.652845383
0.107244186 0.021322615 0.994004130 14.085950851 0.028691825 0.999287367 -0.024531541 -0.402945191 -0.993818641 0.031150661 0.106555976 16.726823807
0.101805277 0.022196954 0.994556785 14.833421707 0.030686965 0.999205351 -0.025441896 -0.406246960 -0.994330943 0.033110049 0.101043217 16.807373047
0.099184252 0.021957986 0.994826794 15.643634796 0.032880928 0.999138236 -0.025331378 -0.422712535 -0.994525671 0.035223309 0.098376773 16.884868622
0.098143972 0.022117879 0.994926393 16.474330902 0.034735948 0.999067664 -0.025636453 -0.436628371 -0.994565785 0.037075780 0.097284175 16.959989548
0.097690672 0.021325311 0.994988263 17.292327881 0.035684019 0.999052405 -0.024915971 -0.453717321 -0.994576871 0.037939236 0.096837126 17.047079086
0.098347694 0.020448757 0.994942009 18.145816803 0.035828002 0.999067903 -0.024075070 -0.465940744 -0.994507015 0.038014513 0.097523384 17.132101059
0.099509716 0.019737128 0.994840741 19.024269104 0.036351714 0.999063730 -0.023457009 -0.479834884 -0.994372368 0.038498364 0.098699056 17.223985672
0.100636937 0.020252362 0.994717062 19.906932831 0.037842561 0.998991430 -0.024167972 -0.492604077 -0.994203210 0.040074829 0.099769033 17.312768936
0.101622798 0.022262890 0.994574010 20.817277908 0.037293326 0.998961568 -0.026171636 -0.507618129 -0.994123757 0.039750602 0.100687027 17.415662766
0.102463923 0.022881029 0.994473636 21.722917557 0.038280804 0.998904169 -0.026927169 -0.515381515 -0.993999839 0.040828314 0.101475745 17.516773224
0.103836961 0.020603929 0.994380891 22.676393509 0.038932782 0.998934865 -0.024763796 -0.530515313 -0.993832052 0.041285418 0.102924198 17.615758896
0.104883417 0.018614883 0.994310319 23.626068115 0.040690187 0.998907268 -0.022993090 -0.542494893 -0.993651688 0.042870268 0.104011364 17.712337494
0.106084488 0.018703239 0.994181216 24.609550476 0.039710198 0.998945773 -0.023030166 -0.559972227 -0.993563831 0.041922279 0.105229944 17.819644928
0.107285775 0.021261981 0.994000793 25.605281830 0.039573275 0.998887718 -0.025637785 -0.579028428 -0.993440330 0.042086437 0.106325045 17.940311432
0.109213494 0.023396982 0.993742943 26.591880798 0.037967294 0.998895228 -0.027690936 -0.589101732 -0.993292928 0.040753964 0.108204521 18.044437408
0.110771045 0.024458718 0.993544936 27.587196350 0.035858486 0.998947799 -0.028589612 -0.614889026 -0.993198812 0.038793921 0.109777443 18.168470383
0.113099851 0.023576649 0.993303835 28.616897583 0.032870226 0.999082446 -0.027456487 -0.627400637 -0.993039727 0.035755448 0.112221107 18.284400940
0.115211390 0.021657730 0.993104875 29.645002365 0.031485632 0.999180377 -0.025442913 -0.651007473 -0.992841899 0.034199845 0.114435039 18.411260605
0.117754847 0.018972687 0.992861390 30.682184219 0.029524535 0.999308527 -0.022597540 -0.672919333 -0.992603660 0.031974748 0.117113270 18.541017532
0.119985119 0.017809302 0.992615879 31.749141693 0.029548235 0.999332070 -0.021501519 -0.677311182 -0.992335856 0.031909913 0.119378731 18.685255051
0.122904040 0.015513082 0.992297411 32.779613495 0.031342123 0.999318361 -0.019504825 -0.705546498 -0.991923451 0.033497937 0.122334063 18.806453705
0.126132414 0.015512070 0.991892159 33.857345581 0.032968741 0.999259770 -0.019819712 -0.724979281 -0.991465390 0.035201348 0.125527665 18.930568695
0.129003763 0.017730795 0.991485596 34.901508331 0.035261873 0.999125779 -0.022455404 -0.740468025 -0.991016924 0.037858471 0.128265738 19.075345993
0.131748468 0.019437807 0.991092682 35.970703125 0.036993507 0.999014854 -0.024510819 -0.754897356 -0.990592718 0.039893247 0.130899563 19.217042923
0.134267628 0.016340416 0.990810394 37.030815125 0.036669195 0.999097228 -0.021446237 -0.780672789 -0.990266442 0.039211750 0.133547232 19.365123749
0.136477277 0.009677077 0.990596056 38.125896454 0.038698751 0.999136925 -0.015092161 -0.796533227 -0.989887059 0.040394571 0.135985002 19.510286331
0.137723416 0.005840124 0.990453482 39.203239441 0.038351163 0.999201298 -0.011224469 -0.808328032 -0.989727914 0.039530922 0.137389481 19.676259995
0.139098793 0.006754195 0.990255535 40.280975342 0.040777843 0.999089479 -0.012542414 -0.822039723 -0.989438534 0.042125117 0.138696745 19.825687408
0.139867395 0.014712898 0.990060925 41.371845245 0.040523320 0.998966873 -0.020570036 -0.828559697 -0.989340663 0.042997632 0.139126673 19.986883163
0.140726313 0.019660376 0.989853323 42.471740723 0.038640909 0.998931944 -0.025334230 -0.852553606 -0.989294171 0.041814025 0.139816314 20.142417908
0.140897006 0.019916572 0.989823878 43.571079254 0.037988678 0.998952568 -0.025507774 -0.873929560 -0.989295065 0.041196074 0.139992863 20.298776627
0.140437871 0.017689940 0.989931405 44.670349121 0.037288953 0.999036491 -0.023142694 -0.895229399 -0.989387035 0.040163614 0.139642909 20.456045151
0.139468014 0.015684653 0.990102291 45.781181335 0.036728796 0.999104500 -0.021000965 -0.913467288 -0.989545166 0.039294224 0.138767064 20.615711212
0.139099061 0.015441363 0.990158081 46.915214539 0.036651444 0.999113023 -0.020729875 -0.936539173 -0.989599943 0.039174229 0.138409749 20.765829086
0.138405368 0.016292222 0.990241587 48.030445099 0.037552416 0.999059379 -0.021685973 -0.962432444 -0.989663482 0.040187422 0.137663364 20.928730011
0.137616396 0.015453512 0.990365028 49.127498627 0.038080066 0.999056518 -0.020880554 -0.973165512 -0.989753306 0.040586673 0.136898056 21.089410782
0.137050971 0.014692683 0.990455031 50.281291962 0.038434010 0.999058187 -0.020138482 -0.986725569 -0.989818037 0.040827159 0.136357173 21.234477997
0.136607572 0.013908014 0.990527630 51.404327393 0.039267469 0.999039471 -0.019443061 -1.008990049 -0.989846587 0.041551575 0.135930225 21.394289017
0.135767058 0.010409784 0.990686119 52.550567627 0.040878162 0.999034405 -0.016099591 -1.018169403 -0.989897132 0.042683218 0.135210440 21.556720734
0.134916887 0.003678446 0.990850091 53.714397430 0.044293195 0.998971105 -0.009739678 -1.030722857 -0.989866436 0.045201961 0.134615138 21.707122803
0.134435818 0.000292758 0.990922391 54.884983063 0.047778506 0.998835027 -0.006777078 -1.036272049 -0.989769816 0.048255857 0.134265199 21.858549118
0.133261278 0.000000440 0.991080880 56.037868500 0.053165756 0.998560131 -0.007149142 -1.035502434 -0.989653826 0.053644277 0.133069411 22.017835617
0.133853674 0.002059577 0.990998924 57.244873047 0.054487202 0.998469889 -0.009434659 -1.037467241 -0.989502013 0.055259623 0.133536652 22.171701431
0.133740753 0.004307786 0.991006970 58.402393341 0.059205677 0.998169661 -0.012328988 -1.046845913 -0.989246249 0.060322128 0.133240923 22.328468323
0.134822860 0.008208998 0.990835607 59.598354340 0.058269247 0.998169422 -0.016198445 -1.053203583 -0.989154994 0.059919171 0.134097710 22.495239258
0.135708094 0.012826202 0.990665793 60.787380219 0.055907357 0.998223782 -0.020582620 -1.063537240 -0.989170194 0.058178730 0.134749979 22.654039383
0.136539623 0.015881373 0.990507305 61.987556458 0.054092038 0.998260319 -0.023462167 -1.071992636 -0.989156663 0.056782074 0.135443032 22.830959320
0.137610182 0.015129190 0.990370929 63.217937469 0.052150164 0.998385787 -0.022497797 -1.102241278 -0.989112616 0.054743949 0.136599064 22.993761063
0.138428122 0.014760284 0.990262508 64.441642761 0.050233882 0.998497248 -0.021905186 -1.128876925 -0.989097595 0.052777037 0.137478635 23.177511215
0.139580607 0.016646905 0.990070760 65.679306030 0.050275411 0.998449922 -0.023875644 -1.134031057 -0.988933563 0.053108789 0.138527349 23.345649719
0.141543478 0.018810309 0.989753306 66.919273376 0.051576450 0.998321354 -0.026349036 -1.160534739 -0.988587499 0.054777496 0.140335709 23.514953613
0.143240094 0.021006975 0.989464998 68.156082153 0.051572938 0.998257935 -0.028659619 -1.190978646 -0.988343239 0.055134837 0.141907215 23.689292908
0.145203397 0.021194354 0.989174724 69.403823853 0.051171813 0.998271585 -0.028900901 -1.220652699 -0.988077641 0.054814372 0.143867910 23.860389709
0.146904692 0.019874450 0.988950968 70.683738708 0.047913983 0.998481512 -0.027183412 -1.244789600 -0.987989485 0.051377952 0.145729348 24.059673309
0.148461029 0.019683694 0.988722324 71.978576660 0.044290002 0.998666286 -0.026532006 -1.250464439 -0.987925947 0.047729488 0.147391245 24.267435074
0.149750948 0.017868163 0.988562286 73.248565674 0.043348581 0.998756647 -0.024619022 -1.295302153 -0.987773001 0.046539493 0.148790196 24.461441040
0.152775988 0.016209591 0.988127887 74.564880371 0.043476045 0.998787224 -0.023106348 -1.325502396 -0.987304032 0.046489991 0.151885971 24.648956299
0.154110223 0.015617130 0.987930119 75.843879700 0.043055333 0.998819172 -0.022505594 -1.338376999 -0.987115085 0.046004012 0.153255880 24.859645844
0.155639917 0.013349062 0.987723649 77.147964478 0.043395299 0.998850942 -0.020337431 -1.360031962 -0.986860216 0.046027873 0.154881805 25.067155838
0.157315642 0.013377417 0.987457752 78.427688599 0.042764977 0.998878002 -0.020345181 -1.374872565 -0.986621976 0.045429222 0.156567052 25.271728516
0.159607083 0.012754223 0.987098217 79.756690979 0.044349596 0.998814404 -0.020076634 -1.396252394 -0.986183941 0.046981771 0.158852190 25.473262787
0.161096483 0.014007025 0.986839235 81.073646545 0.044101905 0.998798430 -0.021376181 -1.413232088 -0.985952795 0.046965118 0.160285190 25.696514130
0.164118141 0.012677556 0.986359179 82.425399780 0.046271827 0.998717725 -0.020535469 -1.421697259 -0.985354900 0.049010884 0.163321093 25.907918930
0.164782524 0.011765853 0.986259878 83.703247070 0.045080394 0.998794019 -0.019447338 -1.449927688 -0.985299170 0.047665555 0.164053380 26.125133514
0.166216627 0.010306419 0.986035466 85.036369324 0.045746502 0.998788238 -0.018151229 -1.475308776 -0.985027492 0.048124716 0.165543720 26.341835022
0.167218536 0.008288921 0.985885024 86.325347900 0.045472309 0.998835623 -0.016110484 -1.496293902 -0.984870672 0.047524437 0.166646942 26.559135437
0.168642908 0.006883636 0.985653162 87.650596619 0.047188718 0.998772621 -0.015049139 -1.516931176 -0.984546959 0.049049642 0.168111071 26.773464203
0.169667542 0.007114207 0.985475659 88.959152222 0.047983270 0.998728335 -0.015471068 -1.531938791 -0.984332561 0.049911276 0.169110402 26.989749908
0.170699358 0.008825595 0.985283673 90.307014465 0.048660342 0.998664200 -0.017375804 -1.547551036 -0.984120905 0.050910272 0.170041889 27.216005325
0.172207862 0.009528967 0.985014558 91.636146545 0.049324673 0.998615503 -0.018283863 -1.572062016 -0.983824968 0.051734138 0.171499416 27.436483383
0.171714857 0.011816286 0.985075772 92.876258850 0.047543604 0.998663545 -0.020266902 -1.606332779 -0.983998775 0.050314177 0.170923561 27.663490295
0.172811896 0.012505315 0.984875500 94.189170837 0.047576569 0.998646200 -0.021028228 -1.638173580 -0.983805001 0.050490927 0.171983019 27.880397797
0.172960043 0.016173953 0.984796047 95.487937927 0.045685612 0.998657227 -0.024425386 -1.663838148 -0.983868718 0.049215633 0.171988875 28.125209808
0.174124226 0.018538523 0.984549165 96.836166382 0.045521718 0.998602331 -0.026853962 -1.689402461 -0.983670890 0.049494296 0.173036963 28.349052429
0.174360603 0.017243100 0.984530807 98.095268250 0.043507356 0.998735309 -0.025197037 -1.726324439 -0.983720243 0.047227714 0.173389882 28.586647034
0.175441429 0.015124867 0.984373629 99.452331543 0.043718893 0.998775959 -0.023138016 -1.762450695 -0.983518600 0.047095098 0.174565434 28.823596954
0.175614044 0.015704660 0.984333813 100.662574768 0.041242152 0.998877585 -0.023294674 -1.773725033 -0.983594775 0.044686928 0.174769253 29.051513672
0.177250490 0.017451152 0.984011054 101.998085022 0.040853661 0.998850405 -0.025073322 -1.793106079 -0.983317435 0.044644713 0.176333830 29.292224884
0.178467095 0.016518295 0.983807206 103.228691101 0.040357176 0.998894751 -0.024092596 -1.847310543 -0.983117819 0.044003416 0.177603230 29.513050079
0.179811075 0.015098782 0.983585358 104.563728333 0.039971184 0.998944342 -0.022641761 -1.875823975 -0.982888758 0.043386303 0.179017708 29.751008987
0.180823579 0.011395951 0.983449519 105.813682556 0.038648687 0.999078155 -0.018683257 -1.903495908 -0.982755899 0.041387413 0.180216447 29.989971161
0.183210671 0.008820004 0.983034194 107.139030457 0.040358562 0.999049306 -0.016485430 -1.921172023 -0.982244909 0.042694155 0.182680517 30.227479935
0.184078932 0.011126939 0.982848406 108.339347839 0.041716788 0.998946607 -0.019122377 -1.937920809 -0.982025802 0.044521313 0.183420792 30.445129395
0.185795605 0.011823852 0.982517302 109.651336670 0.043706279 0.998838544 -0.020285191 -1.947045684 -0.981615901 0.046711084 0.185063034 30.689533234
0.187587127 0.010593234 0.982190967 110.881317139 0.043375902 0.998877048 -0.019057499 -1.975267410 -0.981289685 0.046178360 0.186917022 30.918174744
0.189513817 0.010468032 0.981822252 112.197509766 0.045061711 0.998796761 -0.019346938 -1.998117685 -0.980843484 0.047909107 0.188814089 31.171852112
0.190603778 0.011310181 0.981601894 113.419914246 0.042366117 0.998907208 -0.019736068 -2.013597488 -0.980752409 0.045348428 0.189916342 31.419692993
0.191607639 0.011581325 0.981403291 114.680404663 0.039983653 0.999008238 -0.019595422 -2.035155058 -0.980656862 0.042994726 0.190954521 31.686420441
0.193988711 0.009815408 0.980954587 115.959434509 0.042202074 0.998940706 -0.018341046 -2.060261011 -0.980095506 0.044956271 0.193369001 31.914817810
0.195796520 0.009724759 0.980596304 117.300048828 0.043283522 0.998890579 -0.018548645 -2.079793930 -0.979688823 0.046075422 0.195158392 32.179954529
0.197190553 0.007891786 0.980333388 118.517944336 0.044939060 0.998843729 -0.017080130 -2.108813047 -0.979334652 0.047423299 0.196607888 32.419006348
0.199122652 0.008265131 0.979939699 119.865669250 0.047344245 0.998715699 -0.018043792 -2.122418404 -0.978830278 0.049987435 0.198475599 32.673889160
0.200243041 0.012948177 0.979660809 121.062507629 0.045962438 0.998687565 -0.022594400 -2.146521568 -0.978667557 0.049551968 0.199385151 32.917316437
0.201639533 0.016678389 0.979317784 122.384132385 0.045099791 0.998636365 -0.026293354 -2.169250727 -0.978420913 0.049468804 0.200612381 33.186241150
0.201842532 0.017620593 0.979259491 123.616569519 0.043567970 0.998686850 -0.026950289 -2.198608637 -0.978448391 0.048104063 0.200809821 33.447242737
0.202736273 0.018422894 0.979060113 124.981834412 0.041002631 0.998786390 -0.027284592 -2.230160713 -0.978374541 0.045675613 0.201734841 33.710353851
0.203401953 0.019196758 0.978907108 126.192291260 0.039407562 0.998837054 -0.027775889 -2.245935440 -0.978301942 0.044226024 0.202408955 33.978645325
0.203800887 0.018092871 0.978845119 127.532745361 0.037898421 0.998934031 -0.026354849 -2.274556637 -0.978278518 0.042467825 0.202897981 34.263141632
0.203793764 0.018580915 0.978837490 128.778472900 0.034594994 0.999058723 -0.026167439 -2.302646637 -0.978402436 0.039195642 0.202959150 34.529621124
0.204178229 0.019434866 0.978740752 130.125045776 0.032298185 0.999124825 -0.026577458 -2.333414555 -0.978400886 0.037038088 0.203371823 34.814834595
0.204476923 0.017404664 0.978716791 131.368453979 0.030345207 0.999248683 -0.024109619 -2.357396603 -0.978400946 0.034629218 0.203795135 35.074184418
0.205044046 0.012897448 0.978667796 132.699813843 0.031486023 0.999308765 -0.019766212 -2.383666754 -0.978246152 0.034867298 0.204496190 35.348350525
0.204831392 0.009677334 0.978749454 133.961456299 0.031702496 0.999360859 -0.016515780 -2.415576458 -0.978283703 0.034411751 0.204393655 35.619884491
0.205287769 0.009701204 0.978653550 135.248199463 0.032945067 0.999315679 -0.016816761 -2.432792664 -0.978146970 0.035694074 0.204827681 35.899501801
0.206093520 0.009618902 0.978485048 136.545196533 0.035926934 0.999203026 -0.017389687 -2.460990191 -0.977872550 0.038737871 0.205583736 36.160537720
0.206848875 0.009914398 0.978322685 137.821563721 0.040083334 0.999023139 -0.018599086 -2.481123686 -0.977551460 0.043061636 0.206249446 36.405433655
0.207347214 0.011035026 0.978205144 139.109024048 0.043297596 0.998852968 -0.020445611 -2.498769283 -0.977308691 0.046593279 0.206631586 36.699073792
0.208992913 0.013276717 0.977827072 140.406478882 0.044685565 0.998733759 -0.023111317 -2.518605709 -0.976895630 0.048524857 0.208135024 36.964103699
0.209183708 0.012206731 0.977800131 141.662490845 0.044905074 0.998747230 -0.022074910 -2.546265602 -0.976844788 0.048525896 0.208373502 37.237651825
0.209068865 0.007116898 0.977874994 142.961380005 0.041647598 0.999001384 -0.016174873 -2.570351124 -0.977013648 0.044107810 0.208563671 37.531379700
0.208886981 0.004248663 0.977930546 144.228286743 0.041829396 0.999036551 -0.013275162 -2.593224049 -0.977044761 0.043679263 0.208507985 37.798057556
0.209168509 0.005923972 0.977861702 145.486068726 0.041217420 0.999039590 -0.014868838 -2.610869884 -0.977010608 0.043415036 0.208723411 38.090831757
0.210397229 0.007745131 0.977585196 146.767623901 0.045380048 0.998813450 -0.017680068 -2.626533508 -0.976562083 0.048082709 0.209796041 38.346427917
0.212679699 0.007743019 0.977091312 148.056259155 0.047916003 0.998683035 -0.018343816 -2.638613462 -0.975946307 0.050719664 0.212028608 38.608528137
0.214376613 0.010048824 0.976699412 149.305892944 0.048871119 0.998584270 -0.021000752 -2.677139997 -0.975527823 0.052234467 0.213581994 38.893081665
0.216325432 0.012518678 0.976241052 150.581832886 0.052007880 0.998350322 -0.024326628 -2.705499172 -0.974935234 0.056034695 0.215317488 39.166519165
0.217757076 0.013672283 0.975907207 151.858840942 0.047211740 0.998583794 -0.024524473 -2.731467009 -0.974860489 0.051414654 0.216803208 39.448886871
0.218643948 0.013922630 0.975705385 153.081375122 0.043262016 0.998776674 -0.023946345 -2.761259079 -0.974845171 0.047446705 0.217774183 39.735748291
0.220308125 0.010775412 0.975370824 154.390548706 0.042027671 0.998905480 -0.020528248 -2.798293352 -0.974524498 0.045515101 0.219614148 40.029636383
0.221068829 0.011933043 0.975185215 155.571914673 0.039427254 0.998998463 -0.021162365 -2.823330879 -0.974460900 0.043127216 0.220376909 40.318721771
0.222187236 0.015215924 0.974885285 156.806015015 0.037723437 0.998995483 -0.024189826 -2.851466656 -0.974273920 0.042150687 0.221390039 40.609542847
0.223650813 0.016156141 0.974535406 158.016906738 0.036501527 0.999022424 -0.024939006 -2.886779785 -0.973985553 0.041149657 0.222842500 40.877059937
0.224033982 0.015149800 0.974463582 159.257278442 0.034962624 0.999110579 -0.023571067 -2.930624723 -0.973954022 0.039350528 0.223305091 41.162063599
0.225235552 0.015183597 0.974185944 160.505722046 0.034132719 0.999141812 -0.023464175 -2.942537308 -0.973706245 0.038536586 0.224524036 41.423397064
0.225568414 0.015304534 0.974107206 161.742645264 0.033572242 0.999160588 -0.023472294 -2.986358166 -0.973648787 0.037997570 0.224865288 41.745910645
0.225936711 0.011290940 0.974076688 162.911895752 0.034264926 0.999221921 -0.019530151 -3.021550417 -0.973539174 0.037789240 0.225374073 42.013843536
0.226473272 0.006299894 0.973997056 164.118881226 0.035219401 0.999272168 -0.014652578 -3.045670271 -0.973380387 0.037622016 0.226086587 42.293552399
0.227234557 0.004796569 0.973828316 165.380249023 0.036013063 0.999262393 -0.013325188 -3.086173534 -0.973173976 0.038098481 0.226894245 42.546642303
0.226708218 0.007337390 0.973935068 166.617706299 0.035820138 0.999232411 -0.015866017 -3.078757763 -0.973303795 0.038483441 0.226271287 42.884975433
0.226797730 0.012943804 0.973855913 167.801269531 0.034755740 0.999167264 -0.021374362 -3.064663410 -0.973321497 0.038694732 0.226158977 43.152507782
0.227311149 0.015209552 0.973703384 169.056045532 0.035972387 0.999064445 -0.024003452 -3.106648207 -0.973157525 0.040482685 0.226551354 43.450263977
0.227554694 0.014389826 0.973659039 170.261581421 0.037096199 0.999036908 -0.023434674 -3.131909847 -0.973058462 0.041451715 0.226801723 43.727268219
0.227435008 0.011302561 0.973727643 171.436492920 0.036890149 0.999114811 -0.020213729 -3.161720037 -0.973094285 0.040518269 0.226816744 44.005096436
0.227627859 0.009172855 0.973704994 172.718917847 0.037582695 0.999127805 -0.018198242 -3.192972422 -0.973022640 0.040736884 0.227084547 44.299900055
0.227402851 0.009382470 0.973755479 173.917160034 0.039372783 0.999047279 -0.018820960 -3.210486174 -0.973004460 0.042619400 0.226816773 44.588581085
0.227590129 0.008872870 0.973716557 175.179183960 0.041850202 0.998945415 -0.018884553 -3.238266945 -0.972857416 0.045048170 0.226978734 44.872745514
0.228369340 0.009913238 0.973524153 176.400253296 0.042961698 0.998871505 -0.020249305 -3.258327007 -0.972626209 0.046448566 0.227685750 45.143310547
0.228496656 0.013665313 0.973448753 177.625015259 0.042424913 0.998811841 -0.023979718 -3.282691479 -0.972619891 0.046777774 0.227645427 45.447360992
0.228849724 0.019385435 0.973268747 178.853286743 0.043058909 0.998621583 -0.030015074 -3.314080238 -0.972508967 0.048776835 0.227699578 45.736846924
0.229750231 0.021866569 0.973003924 180.067810059 0.039766714 0.998701870 -0.031833984 -3.353030443 -0.972436845 0.046007030 0.228582397 46.026733398
0.231621504 0.023487655 0.972522318 181.286880493 0.036894191 0.998777211 -0.032908671 -3.384989262 -0.972106159 0.043502782 0.230471671 46.313755035
0.232957035 0.021070689 0.972258687 182.533935547 0.033396814 0.999002159 -0.029652281 -3.405343533 -0.971913517 0.039378047 0.232020855 46.628372192
0.234053895 0.017393099 0.972068012 183.764022827 0.032299407 0.999148905 -0.025654685 -3.437473297 -0.971686959 0.037401799 0.233292907 46.931102753
0.235740945 0.013999715 0.971715033 184.984069824 0.032744471 0.999213934 -0.022339802 -3.472395897 -0.971264184 0.037084699 0.235097244 47.230625153
0.237868816 0.014110253 0.971194744 186.204910278 0.034654159 0.999134600 -0.023003813 -3.482489109 -0.970678866 0.039127830 0.237173960 47.525783539
0.240379557 0.015126576 0.970561028 187.465057373 0.036559708 0.999028027 -0.024625013 -3.512495041 -0.969990194 0.041402787 0.239592850 47.831066132
0.242967114 0.013786338 0.969936550 188.666442871 0.038476266 0.998975158 -0.023837309 -3.547168732 -0.969271123 0.043111220 0.242187664 48.124530792
0.245006844 0.013242048 0.969430983 189.885238647 0.035672791 0.999106467 -0.022663085 -3.578399420 -0.968864858 0.040134910 0.244315594 48.432033539
0.246974930 0.010049316 0.968969762 191.140045166 0.035152625 0.999195099 -0.019322624 -3.603220463 -0.968384087 0.038834032 0.246422857 48.745128632
0.248108983 0.007616395 0.968702137 192.375747681 0.034124497 0.999279737 -0.016596947 -3.617454529 -0.968130946 0.037174325 0.247670367 49.069469452
0.249463588 0.006378673 0.968363166 193.605194092 0.036333848 0.999212563 -0.015941972 -3.647772312 -0.967702270 0.039161302 0.249035329 49.389411926
0.251524180 0.007323882 0.967823327 194.805664062 0.041513596 0.998969436 -0.018348400 -3.670362473 -0.966960311 0.044792887 0.250960916 49.680835724
0.253848225 0.012326335 0.967165530 196.033905029 0.041684669 0.998850405 -0.023670968 -3.683753014 -0.966345429 0.046324801 0.253042579 50.001197815
0.256716222 0.013128611 0.966397643 197.275756836 0.040993381 0.998859942 -0.024459198 -3.710838318 -0.965617061 0.045894977 0.255885363 50.329669952
0.258973897 0.009365330 0.965838850 198.482177734 0.037838414 0.999087036 -0.019833470 -3.738456249 -0.965142906 0.041682154 0.258383065 50.654937744
0.261626512 0.005305434 0.965154648 199.735565186 0.035799250 0.999243438 -0.015196998 -3.757377625 -0.964505017 0.038527742 0.261238635 50.989196777
0.264122903 0.005724909 0.964472055 200.951934814 0.037735946 0.999155462 -0.016264861 -3.766195059 -0.963750482 0.040691186 0.263683796 51.312278748
0.267218471 0.009789187 0.963586330 202.191238403 0.038799230 0.999028206 -0.020908922 -3.779274702 -0.962854505 0.042973652 0.266579002 51.654003143
0.269613683 0.011394793 0.962901175 203.376296997 0.043003500 0.998789966 -0.023860538 -3.807215452 -0.962007880 0.047841255 0.268797427 51.985908508
0.272776961 0.010557898 0.962019384 204.611572266 0.040821325 0.998912215 -0.022537524 -3.833048105 -0.961210907 0.045418628 0.272049278 52.326557159
0.274344563 0.009228459 0.961587131 205.802597046 0.041766372 0.998896003 -0.021502623 -3.855756760 -0.960723996 0.046061136 0.273656219 52.672683716
0.275430232 0.013338276 0.961228490 207.019836426 0.037717588 0.998983920 -0.024669770 -3.888335705 -0.960580885 0.043050021 0.274647236 53.030006409
0.275962442 0.020061297 0.960959017 208.214309692 0.034112360 0.998947859 -0.030650552 -3.903476715 -0.960562885 0.041238979 0.274987817 53.387161255
0.276043117 0.023867283 0.960848868 209.432128906 0.033622097 0.998839974 -0.034470297 -3.934796572 -0.960557044 0.041821040 0.274920464 53.756469727
0.276301414 0.021445461 0.960831642 210.616973877 0.030580683 0.999048591 -0.031092379 -3.968856812 -0.960584283 0.037973754 0.275382787 54.093490601
0.276598364 0.016924374 0.960836470 211.868942261 0.030767063 0.999176323 -0.026456693 -4.002368927 -0.960492909 0.036879990 0.275849849 54.465454102
0.276298016 0.016312670 0.960933566 213.037841797 0.030310376 0.999210656 -0.025677625 -4.037144184 -0.960593879 0.036220934 0.275585502 54.796192169
0.275989771 0.015046245 0.961042821 214.294509888 0.030795138 0.999225616 -0.024487713 -4.068708897 -0.960667074 0.036353800 0.275312752 55.159412384
0.275398731 0.015316314 0.961208045 215.483154297 0.029209845 0.999278069 -0.024291942 -4.087355614 -0.960886240 0.034766708 0.274752498 55.491809845
0.273675978 0.014695123 0.961709678 216.572158813 0.027170552 0.999366105 -0.023002511 -4.105478764 -0.961438000 0.032425426 0.273103267 55.817195892
0.272592604 0.014479224 0.962020576 217.813018799 0.029047664 0.999306977 -0.023271196 -4.128388882 -0.961690962 0.034288004 0.271983087 56.166610718
0.270879745 0.011907744 0.962539554 218.900894165 0.026332529 0.999457538 -0.019775018 -4.145368576 -0.962252915 0.030702753 0.270419270 56.492408752
0.271635920 0.011092458 0.962336123 220.178329468 0.029417181 0.999370635 -0.019822838 -4.179277420 -0.961950421 0.033693813 0.271138608 56.842254639
0.272407442 0.014231533 0.962076783 221.410766602 0.031009452 0.999241412 -0.023561470 -4.192505836 -0.961682141 0.036251798 0.271759421 57.171356201
0.271368682 0.018325416 0.962301075 222.566390991 0.027755581 0.999253929 -0.026856191 -4.195864677 -0.962075174 0.033997152 0.270657629 57.518360138
0.271831244 0.014924445 0.962229192 223.833755493 0.028299119 0.999323487 -0.023494335 -4.263336182 -0.961928725 0.033616737 0.271224976 57.878231049
0.271916419 0.011028720 0.962257683 224.991394043 0.032451063 0.999260545 -0.020622896 -4.305800438 -0.961773515 0.036833987 0.271357477 58.204505920
0.272175044 0.007605906 0.962217629 226.256286621 0.032358326 0.999330878 -0.017052222 -4.309607029 -0.961703539 0.035776936 0.271746844 58.564605713
0.272371083 0.006758981 0.962168515 227.483367920 0.033867236 0.999288380 -0.016606892 -4.316925049 -0.961596072 0.037109222 0.271948397 58.926033020
0.272606492 0.006760681 0.962101877 228.655883789 0.038698982 0.999089062 -0.017985744 -4.338937283 -0.961347044 0.042135403 0.272096515 59.246150970
0.272601247 0.012370365 0.962047577 229.819458008 0.037261203 0.999031425 -0.023404077 -4.360522270 -0.961405277 0.042227034 0.271876276 59.596858978
0.272570670 0.016584383 0.961992800 231.077255249 0.037017293 0.998930395 -0.027709642 -4.382031441 -0.961423516 0.043163210 0.271665245 59.938709259
0.271925926 0.018183898 0.962146342 232.256988525 0.033411834 0.999040306 -0.028324166 -4.410732269 -0.961737931 0.039849158 0.271057457 60.292991638
0.271698028 0.018171206 0.962210894 233.439315796 0.032806329 0.999065757 -0.028130675 -4.431212425 -0.961823225 0.039209664 0.270848095 60.603881836
0.271175653 0.018815918 0.962345898 234.691452026 0.030559367 0.999136567 -0.028146455 -4.473478794 -0.962044656 0.037041310 0.270366520 60.986663818
0.271368951 0.020421682 0.962258756 235.875976562 0.030063279 0.999107122 -0.029681925 -4.536707878 -0.962005734 0.036983404 0.270512760 61.316764832
0.270735592 0.021381233 0.962416291 237.147247314 0.027643131 0.999168456 -0.029973963 -4.548009872 -0.962256789 0.034719214 0.269919395 61.683929443
0.269841373 0.019090073 0.962715507 238.372711182 0.025265286 0.999318898 -0.026897548 -4.573761940 -0.962573230 0.031581361 0.269175261 62.036899567
0.269970894 0.015851732 0.962737978 239.625488281 0.025719862 0.999388993 -0.023667563 -4.604281425 -0.962524891 0.031151045 0.269398242 62.388385773
0.269949824 0.014668543 0.962762654 240.842193604 0.026948776 0.999377191 -0.022782587 -4.626538277 -0.962497234 0.032095425 0.269386441 62.734016418
0.270059377 0.013199875 0.962753177 242.135086060 0.027760716 0.999383509 -0.021489190 -4.648380280 -0.962443411 0.032530069 0.269526482 63.092582703
0.269550413 0.010675039 0.962927163 243.374832153 0.028703267 0.999405146 -0.019114289 -4.665775299 -0.962558448 0.032791410 0.269083649 63.453948975
0.270218909 0.010594932 0.962740600 244.664276123 0.029867083 0.999365985 -0.019380989 -4.696670055 -0.962335527 0.033991363 0.269731104 63.800685883
0.270006031 0.012884047 0.962772369 245.919540405 0.030707326 0.999286652 -0.021984445 -4.720106602 -0.962368846 0.035500102 0.269417733 64.162345886
0.270147502 0.014344769 0.962712049 247.190399170 0.030565105 0.999257207 -0.023466211 -4.738618851 -0.962333679 0.035764739 0.269508451 64.510833740
0.270136178 0.014308233 0.962715805 248.461181641 0.031467464 0.999224186 -0.023680542 -4.759511471 -0.962307632 0.036691196 0.269476384 64.874504089
0.270441055 0.013755108 0.962638259 249.742538452 0.030631818 0.999268711 -0.022884140 -4.782035351 -0.962249100 0.035676163 0.269821942 65.234619141
0.270114928 0.012506708 0.962746799 251.008346558 0.032033104 0.999245286 -0.021968275 -4.797402382 -0.962295055 0.036773730 0.269510478 65.602600098
0.270382077 0.011423368 0.962685347 252.313537598 0.031946488 0.999272525 -0.020830080 -4.822206497 -0.962222934 0.036386497 0.269820362 65.953033447
0.270709723 0.010156306 0.962607443 253.595306396 0.034352124 0.999205589 -0.020203140 -4.844055176 -0.962047815 0.038536798 0.270145804 66.307418823
0.270482510 0.012749619 0.962640584 254.897888184 0.033692554 0.999174356 -0.022700416 -4.861042976 -0.962135077 0.038573880 0.269829631 66.680313110
0.270666897 0.014815195 0.962559044 256.195770264 0.034700260 0.999081612 -0.025134875 -4.879434586 -0.962047458 0.040204227 0.269904286 67.046127319
0.270295203 0.013392305 0.962684333 257.491577148 0.035984460 0.999064088 -0.024001848 -4.902550697 -0.962104738 0.041129265 0.269560397 67.412307739
0.270807087 0.010673425 0.962574422 258.818664551 0.036622450 0.999100447 -0.021381663 -4.934178829 -0.961936772 0.041042138 0.270172566 67.781181335
0.270765096 0.011215047 0.962580025 260.125274658 0.038732145 0.998995423 -0.022534326 -4.956100464 -0.961865842 0.043384302 0.270058751 68.149154663
0.271172464 0.012417995 0.962450624 261.434844971 0.040531687 0.998882532 -0.024307940 -4.988592148 -0.961677015 0.045601394 0.270366102 68.504798889
0.272058278 0.011202497 0.962215543 262.765655518 0.042601988 0.998811603 -0.023673909 -5.012851715 -0.961337388 0.047432978 0.271257699 68.860656738
0.271783322 0.013388989 0.962265313 264.041687012 0.038672786 0.998943567 -0.024822121 -5.031138897 -0.961581111 0.043959729 0.270978481 69.242546082
0.271409750 0.015248759 0.962343097 265.352294922 0.038474798 0.998903334 -0.026679127 -5.059381485 -0.961694598 0.044266932 0.270525366 69.615219116
0.271978766 0.017876431 0.962137222 266.684143066 0.036199834 0.998929620 -0.028793072 -5.090326309 -0.961622119 0.042660311 0.271040499 69.977600098
0.271507025 0.018704746 0.962254643 267.999267578 0.034797583 0.998966634 -0.029236753 -5.133666992 -0.961807191 0.041422114 0.270575553 70.370628357
0.271693766 0.018626401 0.962203443 269.321716309 0.032486551 0.999065399 -0.028513083 -5.163602829 -0.961835265 0.039005507 0.270834774 70.746200562
0.271439433 0.017928695 0.962288439 270.669281006 0.030966483 0.999146223 -0.027350331 -5.209198952 -0.961957216 0.037222646 0.270652503 71.131217957
0.271287441 0.018426631 0.962321997 271.970458984 0.028134564 0.999237597 -0.027064886 -5.233223915 -0.962087035 0.034416873 0.270562172 71.503044128
0.270766079 0.016276211 0.962507665 273.338012695 0.026590856 0.999348998 -0.024379568 -5.263903618 -0.962277889 0.032195061 0.270157039 71.916862488
0.270460933 0.011490079 0.962662518 274.659545898 0.028579421 0.999392271 -0.019957896 -5.291967392 -0.962306678 0.032910164 0.269968271 72.288749695
0.270116508 0.008039501 0.962794125 276.026824951 0.030852353 0.999379396 -0.017000774 -5.305424690 -0.962333202 0.034296647 0.269700885 72.687469482
0.270066351 0.007796033 0.962810099 277.331787109 0.031957075 0.999343634 -0.017055750 -5.334600925 -0.962311208 0.035374776 0.269639999 73.037780762
0.269374311 0.010703335 0.962976098 278.666168213 0.032938171 0.999250770 -0.020320348 -5.352262020 -0.962472141 0.037192445 0.268819839 73.428123474
0.268876106 0.015289322 0.963053405 279.978210449 0.032564774 0.999158084 -0.024954317 -5.369471550 -0.962624133 0.038071234 0.268151879 73.783401489
0.268658757 0.014702252 0.963123202 281.312164307 0.033583567 0.999132574 -0.024619926 -5.406556606 -0.962649763 0.038959477 0.267932028 74.148719788
0.268888772 0.011615328 0.963101149 282.693054199 0.033918008 0.999192894 -0.021520194 -5.443095207 -0.962573826 0.038453013 0.268277794 74.510292053
0.267584205 0.008619430 0.963495910 283.988494873 0.034538053 0.999231517 -0.018531101 -5.470917225 -0.962915242 0.038235899 0.267080903 74.872497559
0.266552657 0.007286171 0.963792801 285.309692383 0.036671057 0.999170721 -0.017695602 -5.480292320 -0.963122547 0.040060110 0.266064346 75.251167297
0.267055005 0.005251550 0.963666975 286.693145752 0.036808774 0.999199808 -0.015645770 -5.520404339 -0.962978065 0.039649680 0.266647995 75.610153198
