0.999999821 -0.000244069 -0.000511309 -0.010190833 0.000243966 0.999999940 -0.000200622 -0.007007611 0.000511358 0.000200497 0.999999821 1.471821785
0.999999285 0.000065692 -0.001137536 -0.022012528 -0.000066504 0.999999702 -0.000713435 -0.006977661 0.001137489 0.000713511 0.999999106 2.922708273
0.999997675 0.000934237 -0.001947383 -0.028567772 -0.000933866 0.999999523 0.000191734 -0.012387984 0.001947560 -0.000189915 0.999998093 4.359543324
0.999994814 0.001680581 -0.002717120 -0.044205882 -0.001676202 0.999997318 0.001613044 -0.023094503 0.002719823 -0.001608481 0.999994993 5.790165901
0.999993265 0.002009465 -0.003111006 -0.058755044 -0.002001633 0.999994755 0.002518460 -0.027900672 0.003116051 -0.002512215 0.999992013 7.198444366
0.999990106 0.002230555 -0.003853174 -0.066558659 -0.002222313 0.999995172 0.002142296 -0.033631697 0.003857934 -0.002133712 0.999990284 8.583449364
0.999987423 0.002203737 -0.004500074 -0.087268531 -0.002201333 0.999997377 0.000538947 -0.038740106 0.004501251 -0.000529034 0.999989748 9.940176010
0.999981940 0.001396856 -0.005837402 -0.095122457 -0.001398640 0.999998987 -0.000301507 -0.048327334 0.005836974 0.000309666 0.999982834 11.281236649
0.999977231 0.001013442 -0.006675023 -0.113526091 -0.001017649 0.999999225 -0.000626813 -0.050056748 0.006674383 0.000633591 0.999977529 12.622638702
0.999969244 0.000951745 -0.007784916 -0.131274000 -0.000952585 0.999999523 -0.000104204 -0.059510734 0.007784814 0.000111617 0.999969721 13.935680389
0.999962032 0.001060301 -0.008649098 -0.148452967 -0.001050295 0.999998748 0.001161328 -0.064577475 0.008650319 -0.001152200 0.999961913 15.246635437
0.999949872 0.001763086 -0.009854593 -0.164285943 -0.001749884 0.999997497 0.001348148 -0.068586543 0.009856947 -0.001330836 0.999950469 16.567293167
0.999935627 0.002612435 -0.011041069 -0.185501948 -0.002612277 0.999996603 0.000028706 -0.067971513 0.011041107 0.000000139 0.999939024 17.832273483
0.999921858 0.003249989 -0.012069507 -0.205804333 -0.003261007 0.999994278 -0.000893332 -0.068279177 0.012066533 0.000932621 0.999926746 19.107698441
0.999908507 0.002349645 -0.013329324 -0.229946986 -0.002371803 0.999995828 -0.001646774 -0.079214744 0.013325401 0.001678237 0.999909759 20.370018005
0.999887168 0.001823520 -0.014911273 -0.251212865 -0.001866305 0.999994159 -0.002855933 -0.081463777 0.014905976 0.002883440 0.999884784 21.646583557
0.999877870 0.001853684 -0.015517483 -0.287334174 -0.001893000 0.999994993 -0.002519311 -0.092247911 0.015512736 0.002548378 0.999876440 22.857631683
0.999859571 0.001339699 -0.016705757 -0.313493252 -0.001377907 0.999996424 -0.002275757 -0.103211395 0.016702650 0.002298456 0.999857843 24.090726852
0.999843299 0.001404756 -0.017646901 -0.349759847 -0.001464317 0.999993265 -0.003362715 -0.094387986 0.017642060 0.003388028 0.999838650 25.342271805
0.999823332 0.001303037 -0.018753620 -0.388324201 -0.001379924 0.999990642 -0.004087494 -0.107317641 0.018748119 0.004112651 0.999815822 26.573396683
0.999799669 0.000474852 -0.020009551 -0.415869921 -0.000589727 0.999983370 -0.005735529 -0.115028180 0.020006500 0.005746181 0.999783337 27.793148041
0.999775767 0.000467130 -0.021172624 -0.449948758 -0.000595517 0.999981463 -0.006057918 -0.121725850 0.021169407 0.006069168 0.999757469 29.015506744
0.999755263 0.000903315 -0.022103569 -0.487578243 -0.000997992 0.999990404 -0.004272681 -0.128635839 0.022099497 0.004293695 0.999746561 30.206640244
0.999727190 0.001863949 -0.023282748 -0.522583306 -0.001952478 0.999990940 -0.003780184 -0.132870734 0.023275491 0.003824613 0.999721766 31.408706665
0.999699533 0.002267285 -0.024411358 -0.554675639 -0.002352942 0.999991179 -0.003480751 -0.146458864 0.024403250 0.003537144 0.999695957 32.594200134
0.999676585 0.002155771 -0.025341297 -0.591077805 -0.002252082 0.999990404 -0.003772608 -0.153795093 0.025332918 0.003828459 0.999671757 33.786006927
0.999649584 0.002209827 -0.026377475 -0.633209348 -0.002303777 0.999991119 -0.003531913 -0.159803748 0.026369434 0.003591443 0.999645770 34.953182220
0.999617815 0.001237554 -0.027617002 -0.675888181 -0.001331304 0.999993443 -0.003376501 -0.170740798 0.027612640 0.003411977 0.999612868 36.128868103
0.999586523 0.000501154 -0.028750585 -0.701940060 -0.000588816 0.999995232 -0.003040667 -0.178657785 0.028748922 0.003056338 0.999582052 37.305610657
0.999547899 -0.000256167 -0.030064795 -0.740845561 0.000189051 0.999997497 -0.002235174 -0.176234215 0.030065292 0.002228480 0.999545455 38.422649384
0.999525368 -0.000235712 -0.030804822 -0.795672119 0.000175869 0.999998093 -0.001945354 -0.178520665 0.030805223 0.001939013 0.999523520 39.599327087
0.999479830 -0.001359008 -0.032219626 -0.821540356 0.001304928 0.999997675 -0.001699458 -0.193881422 0.032221865 0.001656530 0.999479353 40.711860657
0.999446213 -0.001456499 -0.033244442 -0.862919092 0.001429149 0.999998629 -0.000846425 -0.197266564 0.033245631 0.000798445 0.999446869 41.778873444
0.999427199 -0.000687911 -0.033836253 -0.915403962 0.000690413 0.999999762 0.000062264 -0.206778407 0.033836201 -0.000085589 0.999427438 42.860706329
0.999379218 -0.000899843 -0.035220426 -0.947657526 0.000934136 0.999999106 0.000957236 -0.217530429 0.035219528 -0.000989542 0.999379158 43.939262390
0.999356270 -0.000178270 -0.035872594 -1.009115219 0.000210139 0.999999583 0.000884609 -0.207879007 0.035872426 -0.000891578 0.999355972 45.009494781
0.999327838 0.001897105 -0.036607809 -1.072832465 -0.001896850 0.999998212 0.000041700 -0.204499900 0.036607817 0.000027767 0.999329746 46.051193237
0.999305665 0.001780946 -0.037214451 -1.118891001 -0.001849703 0.999996603 -0.001813239 -0.194646806 0.037211102 0.001880816 0.999305665 47.075275421
0.999253452 0.001538707 -0.038602553 -1.142202139 -0.001624587 0.999996305 -0.002193463 -0.221581280 0.038599040 0.002254538 0.999252260 48.095787048
0.999212086 0.001660241 -0.039653827 -1.196969509 -0.001728140 0.999997139 -0.001678077 -0.233569443 0.039650928 0.001745282 0.999212086 49.094272614
0.999175787 0.002462367 -0.040517911 -1.238720894 -0.002552482 0.999994397 -0.002172490 -0.235817030 0.040512327 0.002274121 0.999176443 50.074317932
0.999128699 0.003704953 -0.041570175 -1.283098459 -0.003805472 0.999989986 -0.002339188 -0.232960865 0.041561082 0.002495345 0.999132812 51.061416626
0.999100327 0.004241157 -0.042196784 -1.339097738 -0.004354342 0.999987125 -0.002590759 -0.234854698 0.042185251 0.002772168 0.999105990 52.007778168
0.999060690 0.003810598 -0.043165661 -1.379395485 -0.003914903 0.999989569 -0.002332105 -0.250918746 0.043156330 0.002498904 0.999065161 52.974586487
0.999008775 0.004151640 -0.044318989 -1.422796011 -0.004251576 0.999988675 -0.002160901 -0.260918021 0.044309508 0.002347185 0.999015093 53.908420563
0.998965740 0.003806909 -0.045310199 -1.475424528 -0.003895952 0.999990642 -0.001877037 -0.258435965 0.045302629 0.002051622 0.998971224 54.847328186
0.998941839 0.003834457 -0.045832299 -1.536756873 -0.003929458 0.999990344 -0.001982875 -0.259546757 0.045824256 0.002160873 0.998947144 55.771881104
0.998882890 0.003598365 -0.047115877 -1.583206892 -0.003703629 0.999990761 -0.002147045 -0.271789134 0.047107719 0.002319146 0.998887122 56.703765869
0.998825133 0.003211388 -0.048351325 -1.638085723 -0.003269404 0.999994040 -0.001120858 -0.285396755 0.048347436 0.001277621 0.998829722 57.614727020
0.998762727 0.003397000 -0.049612164 -1.677477360 -0.003466141 0.999993086 -0.001307647 -0.282349676 0.049607377 0.001477992 0.998767674 58.524394989
0.998693764 0.003388364 -0.050982438 -1.719597101 -0.003460930 0.999993086 -0.001335134 -0.288032025 0.050977562 0.001509837 0.998698592 59.414340973
0.998657227 0.003668578 -0.051675167 -1.781005144 -0.003782696 0.999990642 -0.002110734 -0.289622605 0.051666938 0.002303371 0.998661697 60.288345337
0.998611093 0.003346344 -0.052579880 -1.834643722 -0.003516705 0.999988914 -0.003147866 -0.288146824 0.052568760 0.003328403 0.998611748 61.183315277
0.998577952 0.003755240 -0.053179484 -1.878524184 -0.003970996 0.999984324 -0.003952056 -0.288885236 0.053163815 0.004157611 0.998577178 62.042976379
0.998551071 0.004235336 -0.053645764 -1.927326798 -0.004400390 0.999985874 -0.002958986 -0.308554322 0.053632479 0.003190761 0.998555601 62.888439178
0.998521686 0.004111210 -0.054198146 -1.985336661 -0.004275646 0.999986529 -0.002918385 -0.308392525 0.054185417 0.003145803 0.998525918 63.770446777
0.998480976 0.004440741 -0.054918289 -2.031084299 -0.004613616 0.999984801 -0.003021470 -0.313502014 0.054904040 0.003270252 0.998486221 64.602180481
0.998452842 0.004102735 -0.055454448 -2.088993788 -0.004257721 0.999987364 -0.002676974 -0.320293128 0.055442765 0.002908941 0.998457611 65.458450317
0.998405218 0.004725118 -0.056257498 -2.148049831 -0.004865900 0.999985337 -0.002365753 -0.322599798 0.056245495 0.002635724 0.998413444 66.305496216
0.998355448 0.004931527 -0.057117086 -2.184740305 -0.005045211 0.999985516 -0.001846342 -0.325314939 0.057107162 0.002131473 0.998365760 67.156402588
0.998382628 0.004918563 -0.056638218 -2.257762909 -0.004991679 0.999986827 -0.001149522 -0.330358982 0.056631815 0.001430382 0.998394072 67.995437622
0.998305619 0.004949433 -0.057977486 -2.288791180 -0.005057108 0.999985754 -0.001710595 -0.334700584 0.057968196 0.002000895 0.998316407 68.828582764
0.998302758 0.004599531 -0.058055315 -2.344470501 -0.004702260 0.999987602 -0.001633008 -0.336474240 0.058047090 0.001903228 0.998311996 69.665115356
0.998253226 0.005151179 -0.058855396 -2.394934893 -0.005254264 0.999984860 -0.001596862 -0.333409846 0.058846287 0.001903315 0.998265266 70.487754822
0.998226345 0.004990999 -0.059323806 -2.445608616 -0.005039772 0.999987066 -0.000672551 -0.341132998 0.059319675 0.000970337 0.998238564 71.306083679
0.998241723 0.004841253 -0.059075780 -2.508588791 -0.004902971 0.999987602 -0.000899811 -0.342196822 0.059070691 0.001187875 0.998253047 72.107711792
0.998284936 0.004421357 -0.058374766 -2.557676315 -0.004497929 0.999989212 -0.001180419 -0.351907820 0.058368918 0.001440960 0.998294055 72.898345947
0.998293221 0.004882733 -0.058196422 -2.607604504 -0.005049118 0.999983609 -0.002712324 -0.343996197 0.058182221 0.003001536 0.998301506 73.697807312
0.998316765 0.003551684 -0.057888377 -2.651419163 -0.003660747 0.999991715 -0.001778082 -0.349522680 0.057881583 0.001987005 0.998321474 74.481597900
0.998312712 0.002286468 -0.058022577 -2.696594715 -0.002379499 0.999995947 -0.001534303 -0.346811771 0.058018848 0.001669779 0.998314083 75.245613098
0.998365343 0.000968765 -0.057146162 -2.749834061 -0.001023446 0.999999046 -0.000927600 -0.358401000 0.057145201 0.000984570 0.998365402 76.003822327
0.998395920 -0.000291238 -0.056616150 -2.797417641 0.000242812 0.999999642 -0.000862215 -0.359024823 0.056616377 0.000847085 0.998395681 76.754417419
0.998409510 -0.000773387 -0.056372564 -2.839857578 0.000763589 0.999999642 -0.000195358 -0.363010049 0.056372702 0.000152001 0.998409748 77.473007202
0.998413801 -0.001013464 -0.056292392 -2.887416840 0.000961466 0.999999046 -0.000950797 -0.364389181 0.056293305 0.000895165 0.998413861 78.209175110
0.998421013 -0.001330866 -0.056157660 -2.921432495 0.001210684 0.999996901 -0.002174057 -0.365002215 0.056160375 0.002102635 0.998419464 78.924949646
0.998430908 -0.002587547 -0.055938046 -2.964481354 0.002432932 0.999992967 -0.002831961 -0.372902185 0.055944983 0.002691424 0.998430192 79.650070190
0.998465002 -0.002798024 -0.055315632 -3.005741119 0.002539705 0.999985635 -0.004739656 -0.375322998 0.055328093 0.004591896 0.998457670 80.323944092
0.998501003 -0.002245256 -0.054689392 -3.051369667 0.001956692 0.999983907 -0.005329391 -0.382261395 0.054700490 0.005214391 0.998489141 81.018363953
0.998530924 -0.001848071 -0.054153129 -3.092154980 0.001582592 0.999986529 -0.004944842 -0.387259603 0.054161541 0.004851875 0.998520374 81.711448669
0.998535275 -0.001576892 -0.054081999 -3.132780552 0.001369445 0.999991536 -0.003872637 -0.389536291 0.054087650 0.003792902 0.998529017 82.392234802
0.998574078 -0.000919833 -0.053375717 -3.174954176 0.000749631 0.999994576 -0.003208670 -0.399088383 0.053378381 0.003164083 0.998569369 83.059707642
0.998618901 0.000013017 -0.052537885 -3.217906713 -0.000229281 0.999991536 -0.004110321 -0.397396743 0.052537382 0.004116691 0.998610497 83.736198425
0.998690128 0.000429968 -0.051165972 -3.253075123 -0.000686009 0.999987423 -0.004986675 -0.402976096 0.051163182 0.005015243 0.998677731 84.386184692
0.998770595 0.001368135 -0.049551066 -3.286046028 -0.001627765 0.999985158 -0.005199675 -0.407270849 0.049543213 0.005273940 0.998758078 85.042243958
0.998839319 0.002302995 -0.048111182 -3.322073698 -0.002536286 0.999985337 -0.004788516 -0.410575062 0.048099443 0.004904981 0.998830497 85.684143066
0.998900712 0.002963309 -0.046782136 -3.359519720 -0.003179555 0.999984562 -0.004548687 -0.411437362 0.046767935 0.004692432 0.998894751 86.329658508
0.998959899 0.002575062 -0.045524515 -3.380134583 -0.002772536 0.999987006 -0.004275134 -0.416988075 0.045512911 0.004396908 0.998954058 86.939277649
0.999020696 0.002639738 -0.044166561 -3.417396545 -0.002840291 0.999986053 -0.004478686 -0.423370183 0.044154126 0.004599746 0.999014139 87.564956665
0.999071777 0.003212808 -0.042955477 -3.446342468 -0.003424854 0.999982297 -0.004863726 -0.421821833 0.042939093 0.005006329 0.999065101 88.173606873
0.999120712 0.002627666 -0.041843023 -3.474484205 -0.002837580 0.999983668 -0.004958111 -0.430191427 0.041829310 0.005072484 0.999111831 88.783790588
0.999158800 0.002721671 -0.040916368 -3.503760815 -0.002924694 0.999983728 -0.004902856 -0.431768984 0.040902358 0.005018400 0.999150515 89.390472412
0.999196172 0.002702049 -0.039994247 -3.536046267 -0.002876703 0.999986589 -0.004310091 -0.445044935 0.039982062 0.004421678 0.999190629 89.988380432
0.999194205 0.002098258 -0.040080931 -3.555695295 -0.002295472 0.999985397 -0.004875009 -0.438871682 0.040070117 0.004963085 0.999184668 90.584609985
0.999178231 0.001367522 -0.040510159 -3.585407495 -0.001551431 0.999988616 -0.004508736 -0.442998946 0.040503532 0.004567879 0.999168992 91.169296265
0.999094665 0.001199763 -0.042525880 -3.611479998 -0.001369554 0.999991179 -0.003963729 -0.444989324 0.042520750 0.004018382 0.999087512 91.773391724
0.999010265 0.001003194 -0.044469327 -3.647256374 -0.001178217 0.999991655 -0.003909776 -0.448115826 0.044465028 0.003958301 0.999003112 92.361160278
0.998904824 0.001081478 -0.046776943 -3.675275564 -0.001240638 0.999993503 -0.003373638 -0.452847421 0.046772994 0.003427977 0.998899579 92.952812195
0.998792052 0.000669632 -0.049132269 -3.707695723 -0.000858314 0.999992251 -0.003819288 -0.458432555 0.049129333 0.003856845 0.998784959 93.533905029
0.998686373 0.000705777 -0.051236633 -3.742033243 -0.000943391 0.999988914 -0.004613543 -0.458570808 0.051232811 0.004655818 0.998675883 94.110961914
0.998601735 0.000564655 -0.052860852 -3.773123741 -0.000867856 0.999983311 -0.005713056 -0.461831212 0.052856747 0.005750944 0.998585522 94.690032959
0.998520136 0.000259522 -0.054382499 -3.807029247 -0.000627268 0.999977112 -0.006745252 -0.461848676 0.054379500 0.006769383 0.998497367 95.253936768
0.998466909 -0.000325034 -0.055350833 -3.839758873 -0.000104342 0.999969900 -0.007754302 -0.467405617 0.055351682 0.007748189 0.998436868 95.847496033
0.998469591 0.000356417 -0.055302434 -3.881980896 -0.000834285 0.999962568 -0.008618150 -0.471365422 0.055297278 0.008651099 0.998432457 96.425849915
0.998429298 -0.000308689 -0.056024805 -3.914455652 -0.000145158 0.999967158 -0.008096565 -0.477666646 0.056025460 0.008091979 0.998396575 97.009376526
0.998386025 -0.000691148 -0.056788221 -3.950661659 0.000283845 0.999974132 -0.007180068 -0.481716007 0.056791719 0.007152359 0.998360455 97.616516113
0.998370171 -0.000442318 -0.057069123 -3.992812634 0.000010359 0.999971330 -0.007569121 -0.483428001 0.057070844 0.007556193 0.998341560 98.208702087
0.998337150 -0.000720196 -0.057640459 -4.017698765 0.000268850 0.999969244 -0.007837729 -0.481592149 0.057644330 0.007809198 0.998306692 98.794479370
0.998288393 -0.001584547 -0.058460731 -4.052908897 0.001111216 0.999966323 -0.008128194 -0.486662656 0.058471639 0.008049319 0.998256624 99.405654907
0.998273373 -0.001252420 -0.058725633 -4.082641602 0.000763404 0.999964833 -0.008348833 -0.491437674 0.058734026 0.008289583 0.998239338 99.996971130
0.998235464 -0.002166449 -0.059340000 -4.131709576 0.001664483 0.999962509 -0.008507272 -0.494883686 0.059356205 0.008393490 0.998201609 100.637229919
0.998219013 -0.001975067 -0.059622522 -4.173706532 0.001489341 0.999965370 -0.008190031 -0.497441620 0.059636634 0.008086645 0.998187423 101.240394592
0.998193204 -0.001265977 -0.060072772 -4.218972206 0.000794454 0.999968708 -0.007872443 -0.504878998 0.060080867 0.007810494 0.998162866 101.861885071
0.998154461 -0.000964625 -0.060717668 -4.254962921 0.000503293 0.999970853 -0.007612810 -0.506799102 0.060723245 0.007568201 0.998125911 102.486167908
0.998147249 -0.001221586 -0.060832299 -4.298766613 0.000736963 0.999967813 -0.007988346 -0.507545054 0.060840093 0.007928714 0.998116016 103.107460022
0.998110950 -0.001186121 -0.061426915 -4.339018822 0.000688673 0.999966860 -0.008118746 -0.523762226 0.061434504 0.008061106 0.998078525 103.728759766
0.998088479 -0.001254483 -0.061788827 -4.385197639 0.000737323 0.999964535 -0.008391883 -0.518135607 0.061797161 0.008330285 0.998053968 104.378356934
0.998072028 -0.000759067 -0.062061906 -4.430942535 0.000214243 0.999961436 -0.008784899 -0.513492346 0.062066168 0.008754664 0.998033643 105.010635376
0.998025954 -0.000755803 -0.062798299 -4.467579365 0.000248920 0.999967337 -0.008079027 -0.523049057 0.062802352 0.008047447 0.997993529 105.652244568
0.997998714 -0.000858399 -0.063228071 -4.513208389 0.000404081 0.999973953 -0.007197820 -0.526195228 0.063232601 0.007157865 0.997973144 106.300338745
0.997974098 -0.000162477 -0.063623019 -4.559357643 -0.000290860 0.999974549 -0.007116033 -0.529207051 0.063622564 0.007120120 0.997948587 106.931076050
0.997951627 -0.000345024 -0.063972294 -4.600804329 -0.000132690 0.999972165 -0.007463117 -0.531562269 0.063973092 0.007456319 0.997923732 107.582946777
0.997914910 -0.000120513 -0.064544261 -4.644471645 -0.000403946 0.999967039 -0.008112455 -0.537887096 0.064543106 0.008121611 0.997881889 108.215339661
0.997848868 0.000163356 -0.065557085 -4.686375141 -0.000720711 0.999963880 -0.008478262 -0.540058494 0.065553315 0.008507272 0.997812808 108.863830566
0.997794390 -0.000280542 -0.066380076 -4.730967045 -0.000255126 0.999967456 -0.008061094 -0.543138206 0.066380188 0.008060250 0.997761786 109.501625061
0.997684658 0.000612848 -0.068007492 -4.779110432 -0.001158428 0.999967456 -0.007983211 -0.554347634 0.068000399 0.008043510 0.997652829 110.142700195
0.997543573 -0.000069026 -0.070048124 -4.829071522 -0.000491806 0.999967933 -0.007989107 -0.561244965 0.070046447 0.008003932 0.997511625 110.784805298
0.997382760 0.000923672 -0.072297215 -4.877746582 -0.001590157 0.999956787 -0.009161675 -0.558321238 0.072285637 0.009252661 0.997341096 111.433380127
0.997209430 0.002437217 -0.074615322 -4.934811592 -0.003171985 0.999947608 -0.009730497 -0.563771844 0.074587680 0.009940022 0.997164905 112.073158264
0.997030318 0.002451484 -0.076971725 -4.990272045 -0.003219531 0.999946177 -0.009855797 -0.570527554 0.076943427 0.010074338 0.996984541 112.726646423
0.996852994 0.003190291 -0.079207525 -5.044390678 -0.003993902 0.999942124 -0.009989298 -0.575332582 0.079171054 0.010274207 0.996808171 113.372192383
0.996664703 0.002242184 -0.081575021 -5.112754822 -0.003067188 0.999945402 -0.009989549 -0.572181165 0.081548169 0.010206437 0.996617138 114.045951843
0.996478498 0.002125075 -0.083821498 -5.171883106 -0.002892371 0.999955058 -0.009033553 -0.583922863 0.083798543 0.009244183 0.996439815 114.706535339
0.996309221 0.002094854 -0.085811660 -5.231789589 -0.002940652 0.999948323 -0.009731220 -0.582727432 0.085786834 0.009947646 0.996263862 115.367195129
0.996147215 0.002262270 -0.087668628 -5.303575993 -0.003152844 0.999944746 -0.010021274 -0.584209979 0.087641113 0.010259069 0.996099293 116.072570801
0.995999515 0.002252384 -0.089330792 -5.369753361 -0.003181012 0.999942303 -0.010254385 -0.589118600 0.089302547 0.010497523 0.995949268 116.745964050
0.995846450 0.001476470 -0.091037028 -5.425020695 -0.002510166 0.999933541 -0.011241225 -0.584443748 0.091014400 0.011423052 0.995784044 117.448921204
0.995733976 0.002251479 -0.092242971 -5.494639874 -0.003380397 0.999921262 -0.012084114 -0.592844605 0.092208490 0.012344379 0.995663345 118.171272278
0.995555103 0.001754806 -0.094164297 -5.552322865 -0.002923587 0.999920368 -0.012275629 -0.604838848 0.094135262 0.012496362 0.995481014 118.889709473
0.995495617 0.001763784 -0.094791107 -5.646558762 -0.003034079 0.999907494 -0.013258535 -0.608688235 0.094758950 0.013486417 0.995408952 119.616180420
0.995350242 0.001749888 -0.096307211 -5.715290546 -0.003090321 0.999900401 -0.013770901 -0.605163217 0.096273534 0.014004488 0.995256364 120.370872498
0.995228112 0.002198640 -0.097550005 -5.793817043 -0.003472774 0.999910831 -0.012893478 -0.620779991 0.097512946 0.013170723 0.995147049 121.119880676
0.995083451 0.001860368 -0.099022776 -5.896191597 -0.003251299 0.999898255 -0.013887052 -0.612149954 0.098986872 0.014140729 0.994988263 121.843299866
0.994990945 0.001106337 -0.099958837 -5.960613728 -0.002586500 0.999888897 -0.014679346 -0.617236137 0.099931471 0.014864358 0.994883418 122.646034241
0.994880080 -0.001315933 -0.101053476 -6.079906464 -0.000177626 0.999890864 -0.014769466 -0.646588206 0.101061888 0.014711795 0.994771361 123.347953796
0.994657218 0.000244663 -0.103231892 -6.100594997 -0.001854062 0.999878228 -0.015494472 -0.579874516 0.103215545 0.015603089 0.994536579 124.250907898
0.994496703 0.002287276 -0.104742110 -6.217328072 -0.003745236 0.999898732 -0.013724961 -0.617705107 0.104700126 0.014041714 0.994404674 125.065185547
0.994356394 0.002485144 -0.106061928 -6.313370228 -0.003863453 0.999910712 -0.012791843 -0.644899070 0.106020674 0.013129415 0.994277239 125.859161377
0.994190872 0.002839235 -0.107594252 -6.385885239 -0.004259151 0.999906778 -0.012969451 -0.650470495 0.107547410 0.013352369 0.994110227 126.662620544
0.994004726 0.003340367 -0.109285980 -6.506814480 -0.004848602 0.999896526 -0.013537981 -0.637334347 0.109229460 0.013986700 0.993918180 127.555892944
0.993883669 0.003167359 -0.110386729 -6.607607365 -0.004698389 0.999896228 -0.013612334 -0.639702678 0.110332169 0.014047716 0.993795455 128.416229248
0.993835628 0.002612854 -0.110833064 -6.730243683 -0.004254935 0.999884546 -0.014581874 -0.645175219 0.110782169 0.014963572 0.993732095 129.283020020
0.993658841 0.002582378 -0.112407461 -6.800737858 -0.004214095 0.999889076 -0.014280909 -0.652281642 0.112358138 0.014664046 0.993559480 130.182586670
0.993569911 0.003413982 -0.113168024 -6.901333809 -0.004934398 0.999901175 -0.013157643 -0.660503983 0.113111921 0.013631455 0.993488669 131.065399170
0.993510067 0.004986466 -0.113634832 -7.014330387 -0.006344425 0.999912620 -0.011591692 -0.648688674 0.113567121 0.012237411 0.993454874 131.974105835
0.993399382 0.003700221 -0.114648089 -7.135805130 -0.004887002 0.999937356 -0.010072170 -0.660571098 0.114603631 0.010565970 0.993355095 132.902374268
0.993239403 0.004017006 -0.116014630 -7.232859612 -0.005239524 0.999933898 -0.010234583 -0.666907430 0.115965851 0.010773251 0.993194759 133.812988281
0.993136644 0.003369838 -0.116911039 -7.340825081 -0.004709393 0.999926329 -0.011183547 -0.677314520 0.116864748 0.011657369 0.993079364 134.745223999
0.993011951 0.003802763 -0.117953092 -7.454830170 -0.005176375 0.999922276 -0.011341238 -0.682103157 0.117900804 0.011872554 0.992954373 135.669219971
0.992972314 0.002419459 -0.118322156 -7.592033386 -0.003722914 0.999934793 -0.010796369 -0.678949535 0.118288323 0.011160998 0.992916524 136.625030518
0.992941141 0.002352990 -0.118584163 -7.728178024 -0.003642375 0.999936521 -0.010657606 -0.670128703 0.118551552 0.011014301 0.992886782 137.555297852
0.992735565 0.000730711 -0.120314516 -7.819370270 -0.002027473 0.999941111 -0.010656047 -0.697600245 0.120299637 0.010822570 0.992678702 138.498611450
0.992572963 0.000640620 -0.121649332 -7.909110069 -0.001999450 0.999936938 -0.011048314 -0.716021836 0.121634588 0.011209489 0.992511690 139.460067749
0.992555499 -0.001075184 -0.121788651 -8.068309784 -0.000298233 0.999936581 -0.011258260 -0.716764450 0.121793017 0.011210770 0.992492318 140.422607422
0.992472351 -0.002265140 -0.122448549 -8.195392609 0.000661957 0.999913573 -0.013131801 -0.722361207 0.122467697 0.012951892 0.992387950 141.414276123
0.992390454 -0.002936648 -0.123096436 -8.316430092 0.001184847 0.999897003 -0.014301920 -0.731431842 0.123125762 0.014047237 0.992291689 142.343444824
0.992244184 -0.003929374 -0.124241740 -8.444211960 0.002190319 0.999897778 -0.014130847 -0.730510592 0.124284565 0.013749124 0.992151380 143.333572388
0.992119968 -0.003952452 -0.125229165 -8.582239151 0.002352969 0.999913812 -0.012917799 -0.758751035 0.125269428 0.012521347 0.992043793 144.317443848
0.992002547 -0.003217130 -0.126177266 -8.709379196 0.001469405 0.999901652 -0.013941973 -0.744457126 0.126209736 0.013645067 0.991909802 145.306808472
0.991938710 -0.001475513 -0.126710042 -8.837222099 -0.000333157 0.999898374 -0.014251708 -0.756501198 0.126718193 0.014179035 0.991837442 146.338195801
0.991855443 0.000777321 -0.127366155 -8.974407196 -0.002498826 0.999907672 -0.013356963 -0.757315636 0.127343968 0.013566442 0.991765857 147.359741211
0.991892636 0.002756003 -0.127048835 -9.125826836 -0.004422315 0.999907792 -0.012835329 -0.762942076 0.127001747 0.013293119 0.991813421 148.387130737
0.991807461 0.004229817 -0.127671808 -9.255954742 -0.005872640 0.999904692 -0.012493864 -0.770673156 0.127606824 0.013141278 0.991737783 149.408798218
0.991825998 0.005264931 -0.127488852 -9.423331261 -0.007114486 0.999875903 -0.014056547 -0.780629754 0.127399027 0.014848666 0.991740406 150.460037231
0.991756976 0.004575926 -0.128050521 -9.524315834 -0.006434425 0.999879777 -0.014103890 -0.810595155 0.127970591 0.014811565 0.991667390 151.531524658
0.991783679 0.004443204 -0.127849922 -9.680719376 -0.006253129 0.999885738 -0.013758736 -0.790732741 0.127774179 0.014445151 0.991698086 152.558746338
0.991791546 0.003759598 -0.127810866 -9.817833900 -0.005278327 0.999919415 -0.011546002 -0.812821746 0.127757177 0.012125854 0.991731286 153.620162964
0.991715789 0.001940552 -0.128436893 -9.955750465 -0.003323606 0.999938726 -0.010554908 -0.808279097 0.128408536 0.010894340 0.991661608 154.722961426
0.991661966 0.000359680 -0.128865868 -10.099811554 -0.001763342 0.999940395 -0.010778503 -0.807019591 0.128854305 0.010915867 0.991603434 155.813247681
0.991590261 -0.002241642 -0.129396945 -10.243709564 0.000756649 0.999933302 -0.011524281 -0.814033687 0.129414141 0.011329457 0.991525829 156.905975342
0.991536856 -0.002563533 -0.129800066 -10.389634132 0.001404198 0.999958336 -0.009022427 -0.821195781 0.129817784 0.008763803 0.991499126 157.981079102
0.991474569 -0.003267894 -0.130259454 -10.542551994 0.002354892 0.999971628 -0.007162513 -0.823239326 0.130279154 0.006794700 0.991454005 159.083801270
0.991379082 -0.003167053 -0.130987450 -10.682561874 0.002089269 0.999962807 -0.008364757 -0.833530247 0.131009072 0.008018977 0.991348684 160.195999146
0.991323113 -0.002725816 -0.131419718 -10.828317642 0.001161626 0.999927580 -0.011977442 -0.840207338 0.131442860 0.011720855 0.991254389 161.297027588
0.991219163 -0.000914723 -0.132226199 -10.978260994 -0.000987056 0.999897003 -0.014316503 -0.850293636 0.132225692 0.014321306 0.991116107 162.399032593
0.991162777 0.000113385 -0.132650882 -11.139750481 -0.001998557 0.999898851 -0.014078476 -0.861977816 0.132635862 0.014219172 0.991062820 163.519775391
0.991102576 0.002186941 -0.133082375 -11.285333633 -0.003758746 0.999926090 -0.011560677 -0.877238512 0.133047238 0.011958039 0.991037548 164.618896484
0.991150558 0.003467315 -0.132697389 -11.468760490 -0.004928801 0.999930739 -0.010686786 -0.868565977 0.132651150 0.011246251 0.991099000 165.740112305
0.991014779 0.001891308 -0.133738950 -11.599340439 -0.003176479 0.999950826 -0.009396837 -0.888237059 0.133714601 0.009737223 0.990972042 166.874679565
0.990961671 0.002765975 -0.134116143 -11.756470680 -0.004135286 0.999942124 -0.009932398 -0.890155137 0.134080932 0.010397236 0.990915835 168.004745483
0.990827680 0.001885666 -0.135119155 -11.904213905 -0.003336444 0.999939203 -0.010511382 -0.897248626 0.135091156 0.010865781 0.990773559 169.114181519
0.990848243 0.002195634 -0.134962201 -12.079932213 -0.003735702 0.999930859 -0.011158921 -0.892479420 0.134928375 0.011560973 0.990787983 170.242431641
0.990756452 0.001192573 -0.135647371 -12.229040146 -0.002889458 0.999920011 -0.012313338 -0.904274583 0.135621801 0.012591467 0.990680635 171.394546509
0.990752935 0.001010016 -0.135674760 -12.403674126 -0.003005725 0.999890268 -0.014505462 -0.910399079 0.135645211 0.014779132 0.990647197 172.509735107
0.990655422 -0.000965993 -0.136385053 -12.551548958 -0.001237491 0.999870121 -0.016070634 -0.911601186 0.136382863 0.016089240 0.990525544 173.672241211
0.990565360 -0.002071126 -0.137025490 -12.715808868 -0.000032964 0.999882162 -0.015351416 -0.926591158 0.137041166 0.015211096 0.990448534 174.820755005
0.990542531 -0.003047472 -0.137173131 -12.885356903 0.001074946 0.999894917 -0.014451616 -0.944530487 0.137202755 0.014167483 0.990441680 176.010986328
0.990477502 -0.002933079 -0.137643695 -13.048708916 0.001202835 0.999919236 -0.012651948 -0.951203346 0.137669697 0.012365909 0.990400970 177.187118530
0.990472913 -0.003737369 -0.137656763 -13.224528313 0.002064357 0.999922276 -0.012294264 -0.965475082 0.137692019 0.011892962 0.990403712 178.375183105
0.990428329 -0.004011495 -0.137969777 -13.396866798 0.002547213 0.999938548 -0.010787991 -0.979702890 0.138004571 0.010333292 0.990377724 179.556091309
0.990335286 -0.003662418 -0.138645619 -13.562268257 0.002287004 0.999946594 -0.010078362 -0.981806278 0.138675123 0.009663876 0.990290761 180.725906372
0.990396321 -0.003312787 -0.138217673 -13.735713005 0.002090821 0.999957442 -0.008985133 -0.988347828 0.138241544 0.008609854 0.990361154 181.921905518
0.990514934 -0.003565105 -0.137358919 -13.910473824 0.002227020 0.999948502 -0.009893967 -0.991801798 0.137387171 0.009494220 0.990471900 183.111389160
0.990619302 -0.001961273 -0.136636630 -14.075909615 0.000528008 0.999944448 -0.010525067 -1.005176902 0.136649713 0.010354189 0.990565300 184.307983398
0.990806639 -0.002096761 -0.135268763 -14.251834869 0.000755175 0.999949992 -0.009968480 -1.003680468 0.135282904 0.009774684 0.990758717 185.514785767
0.990971625 -0.000890867 -0.134068549 -14.424047470 -0.000419215 0.999952435 -0.009743180 -1.007477760 0.134070814 0.009711420 0.990924120 186.736999512
0.991150975 -0.001317207 -0.132732838 -14.594186783 -0.000259365 0.999929607 -0.011859803 -1.016509414 0.132739112 0.011789280 0.991080880 187.936248779
0.991230190 -0.000204683 -0.132147074 -14.763887405 -0.001454492 0.999921262 -0.012458878 -1.022181988 0.132139206 0.012541821 0.991151810 189.159454346
0.991425455 -0.000276152 -0.130672604 -14.928968430 -0.000984474 0.999953628 -0.009582510 -1.029612780 0.130669206 0.009628990 0.991379261 190.366302490
0.991619289 0.000549466 -0.129193023 -15.108185768 -0.001707585 0.999959409 -0.008853653 -1.028059721 0.129182905 0.009000062 0.991579950 191.598068237
0.991752565 -0.000155703 -0.128166541 -15.275337219 -0.001062112 0.999954939 -0.009433417 -1.036565185 0.128162235 0.009491742 0.991707742 192.845260620
0.991874516 -0.000767371 -0.127217591 -15.445926666 -0.000514743 0.999949455 -0.010044935 -1.043489933 0.127218857 0.010028800 0.991823971 194.084503174
0.991862297 -0.001598455 -0.127305493 -15.608822823 0.000422140 0.999957085 -0.009266541 -1.050321937 0.127314806 0.009137393 0.991820276 195.339050293
0.991862714 -0.002432274 -0.127289474 -15.775001526 0.001330539 0.999961019 -0.008739665 -1.060815811 0.127305746 0.008499185 0.991827130 196.585571289
0.991838396 -0.003223818 -0.127460629 -15.941824913 0.002096772 0.999957502 -0.008975495 -1.065770864 0.127484173 0.008634983 0.991802990 197.852722168
0.991834104 -0.003995678 -0.127472654 -16.123600006 0.002818817 0.999951780 -0.009411324 -1.072118044 0.127504110 0.008975150 0.991797447 199.117446899
0.991840005 -0.004175695 -0.127420306 -16.285594940 0.002990185 0.999950469 -0.009493800 -1.079566479 0.127453625 0.009035321 0.991803348 200.393981934
0.991855860 -0.004398917 -0.127289563 -16.473865509 0.003105269 0.999941528 -0.010359692 -1.063651204 0.127327681 0.009880054 0.991811454 201.699737549
0.991824090 -0.005205038 -0.127506390 -16.621562958 0.004046823 0.999948144 -0.009340947 -1.088813066 0.127548397 0.008748581 0.991793692 202.954101562
0.991807461 -0.005374456 -0.127628773 -16.797292709 0.004170260 0.999944270 -0.009700472 -1.086089015 0.127673805 0.009088757 0.991774499 204.255187988
0.991859138 -0.004851474 -0.127247542 -16.976879120 0.003841809 0.999959111 -0.008178884 -1.096269965 0.127282009 0.007623440 0.991837204 205.561904907
0.991866767 -0.004127775 -0.127213538 -17.153915405 0.003046006 0.999957442 -0.008696940 -1.102726936 0.127244025 0.008238712 0.991837204 206.865432739
0.991843283 -0.005623747 -0.127339989 -17.327909470 0.004259545 0.999930561 -0.010982853 -1.106554389 0.127392933 0.010350857 0.991798341 208.218750000
0.991773725 -0.006509364 -0.127837479 -17.498584747 0.004902859 0.999905050 -0.012877431 -1.103483677 0.127909154 0.012144728 0.991711557 209.542221069
0.991803169 -0.008307846 -0.127504751 -17.681926727 0.006871930 0.999907970 -0.011697444 -1.116024613 0.127590209 0.010725357 0.991768956 210.875946045
0.991731346 -0.009878824 -0.127950683 -17.854909897 0.008658914 0.999911606 -0.010086962 -1.122993469 0.128039047 0.008895640 0.991729200 212.202102661
0.991732776 -0.010750819 -0.127869129 -18.034679413 0.009578786 0.999906301 -0.009777308 -1.127708197 0.127962261 0.008471648 0.991742849 213.542999268
0.991664290 -0.012094656 -0.128279284 -18.216184616 0.011021053 0.999898076 -0.009075818 -1.125920177 0.128375992 0.007586392 0.991696596 214.912139893
0.991678476 -0.011420313 -0.128231198 -18.397270203 0.010386899 0.999907970 -0.008724842 -1.140909195 0.128319040 0.007320314 0.991705835 216.250473022
0.991666377 -0.010063691 -0.128438398 -18.580234528 0.009116414 0.999926746 -0.007961121 -1.170112491 0.128509134 0.006723878 0.991685450 217.600341797
0.991515756 -0.013819993 -0.129249975 -18.740890503 0.012591898 0.999867499 -0.010314089 -1.150868416 0.129375428 0.008599079 0.991558373 218.874603271
0.991404474 -0.016668882 -0.129766747 -18.931613922 0.015540933 0.999832213 -0.009699974 -1.147201777 0.129906699 0.007599902 0.991497040 220.251449585
0.991331697 -0.017617969 -0.130196244 -19.114025116 0.017293381 0.999843895 -0.003623287 -1.166756511 0.130239755 0.001340345 0.991481602 221.597808838
0.991214693 -0.016326306 -0.131251901 -19.283061981 0.016315557 0.999866188 -0.001157356 -1.168459177 0.131253228 -0.000994260 0.991348386 222.905853271
0.991272449 -0.013870147 -0.131097272 -19.472087860 0.013303231 0.999897897 -0.005199239 -1.176159263 0.131156027 0.003409844 0.991355836 224.230728149
0.991338193 -0.009512568 -0.130988568 -19.653430939 0.008617386 0.999935448 -0.007399195 -1.182117820 0.131050497 0.006206325 0.991356254 225.550018311
0.991229236 -0.007531883 -0.131938353 -19.804414749 0.006788585 0.999958515 -0.006082578 -1.183432698 0.131978661 0.005133554 0.991239369 226.838409424
0.991241217 -0.005836438 -0.131934762 -20.020927429 0.005455384 0.999979854 -0.003249480 -1.191286087 0.131951109 0.002501264 0.991253078 228.235778809
0.991288006 -0.005038429 -0.131615296 -20.200290680 0.004843129 0.999986649 -0.001803935 -1.187646151 0.131622612 0.001150789 0.991299272 229.578582764
0.991403878 -0.004019285 -0.130775481 -20.377277374 0.003798692 0.999990880 -0.001936227 -1.203837156 0.130782098 0.001422807 0.991410136 230.941619873
0.991539180 -0.003502573 -0.129760280 -20.589323044 0.003187933 0.999991477 -0.002632414 -1.197569251 0.129768386 0.002196475 0.991541922 232.260513306
0.991598547 -0.004090906 -0.129288375 -20.778308868 0.003663710 0.999987006 -0.003541877 -1.193909407 0.129301175 0.003038446 0.991600692 233.603469849
0.991586447 -0.005608541 -0.129324839 -20.941207886 0.005159631 0.999979436 -0.003805966 -1.198982954 0.129343554 0.003106675 0.991594970 234.919174194
0.991549611 -0.005952337 -0.129590869 -21.126544952 0.005558393 0.999978721 -0.003401372 -1.209931612 0.129608363 0.002652313 0.991561711 236.227844238
0.991338134 -0.007477277 -0.131120890 -21.288330078 0.007084318 0.999968886 -0.003463136 -1.209773540 0.131142706 0.002504237 0.991360366 237.581619263
0.991183937 -0.006753917 -0.132320821 -21.489532471 0.006393053 0.999974608 -0.003151829 -1.213513613 0.132338747 0.002278108 0.991201937 238.939559937
0.991036355 -0.007042461 -0.133406445 -21.661018372 0.006641766 0.999971986 -0.003448351 -1.213229179 0.133426979 0.002531387 0.991055489 240.274368286
0.990916371 -0.007111924 -0.134291559 -21.832477570 0.006682774 0.999971032 -0.003646160 -1.214730740 0.134313628 0.002715599 0.990935147 241.608856201
0.990913570 -0.006220852 -0.134356067 -22.054685593 0.005779984 0.999976575 -0.003671149 -1.226836681 0.134375751 0.002861216 0.990926325 242.916763306
0.990895271 -0.005517716 -0.134521410 -22.226104736 0.005099209 0.999981046 -0.003455419 -1.248756289 0.134537876 0.002738006 0.990904689 244.229095459
0.990843236 -0.006050188 -0.134881094 -22.433467865 0.005545640 0.999976158 -0.004116085 -1.235364079 0.134902745 0.003330395 0.990853190 245.579483032
0.990828454 -0.004484558 -0.135050923 -22.608043671 0.004094297 0.999986589 -0.003167338 -1.262311220 0.135063305 0.002585349 0.990833580 246.898620605
0.990855515 -0.004782008 -0.134842187 -22.792421341 0.004407048 0.999985576 -0.003079087 -1.264986038 0.134854928 0.002456675 0.990862310 248.212936401
0.990819633 -0.005310773 -0.135086134 -23.000238419 0.004888068 0.999982059 -0.003460641 -1.252777338 0.135102123 0.002768561 0.990827799 249.550003052
0.990799606 -0.006355886 -0.135187969 -23.190845490 0.005959413 0.999976695 -0.003337235 -1.253192425 0.135206074 0.002500891 0.990814269 250.918960571
0.990709007 -0.007464019 -0.135793477 -23.366352081 0.006934292 0.999966323 -0.004373575 -1.229711294 0.135821551 0.003391309 0.990727484 252.246658325
0.990674615 -0.007428373 -0.136046171 -23.568687439 0.006865664 0.999965847 -0.004604906 -1.257963300 0.136075720 0.003627916 0.990691781 253.578750610
0.990674853 -0.007693406 -0.136029422 -23.761428833 0.007159440 0.999964654 -0.004414166 -1.257140398 0.136058554 0.003399109 0.990694940 254.943679810
0.990621209 -0.007424184 -0.136434346 -23.953727722 0.006928206 0.999967575 -0.004109773 -1.269481182 0.136460423 0.003125983 0.990640581 256.281372070
0.990608752 -0.006868355 -0.136554241 -24.153972626 0.006286762 0.999969244 -0.004689875 -1.262176991 0.136582240 0.003787347 0.990621567 257.656097412
0.990597963 -0.006695860 -0.136640593 -24.333110809 0.006161137 0.999971628 -0.004335895 -1.276258469 0.136665761 0.003453268 0.990611196 258.970214844
0.990594327 -0.006163326 -0.136692882 -24.531147003 0.005710416 0.999976754 -0.003705235 -1.271524191 0.136712551 0.002889812 0.990606546 260.281707764
0.990605950 -0.005992933 -0.136616081 -24.699851990 0.005672609 0.999980092 -0.002733903 -1.276703238 0.136629775 0.001933250 0.990620315 261.511413574
0.990583956 -0.006336194 -0.136760041 -24.860141754 0.006119045 0.999979258 -0.002008151 -1.289605141 0.136769921 0.001152401 0.990602195 262.746215820
0.990542114 -0.005622205 -0.137093768 -25.109577179 0.005418420 0.999983609 -0.001859591 -1.289811611 0.137101993 0.001099171 0.990556240 264.289337158
