0.999997199 -0.000280149 0.002334835 0.010670845 0.000278368 0.999999583 0.000762832 -0.022853568 -0.002335048 -0.000762180 0.999996960 1.585990667
0.999987960 -0.000289861 0.004883162 0.019349594 0.000279991 0.999997914 0.002021671 -0.044137400 -0.004883739 -0.002020280 0.999985993 3.157011271
0.999969602 -0.000351638 0.007782310 0.028631210 0.000342711 0.999999285 0.001148419 -0.063401170 -0.007782709 -0.001145718 0.999969065 4.712933064
0.999952376 0.000079511 0.009761384 0.049284913 -0.000082389 0.999999940 0.000294362 -0.079762533 -0.009761362 -0.000295152 0.999952316 6.284108639
0.999930263 -0.000936866 0.011765081 0.070876807 0.000943997 0.999999344 -0.000600588 -0.096560001 -0.011764512 0.000611652 0.999930620 7.840569019
0.999910831 -0.001644239 0.013250495 0.102452554 0.001659789 0.999997973 -0.001162642 -0.119376093 -0.013248555 0.001184532 0.999911487 9.396320343
0.999889016 -0.000427345 0.014888665 0.119681820 0.000456075 0.999998033 -0.001926296 -0.137638792 -0.014887813 0.001932872 0.999887288 10.955137253
0.999859333 -0.000354339 0.016767429 0.142018616 0.000403372 0.999995649 -0.002921014 -0.162231028 -0.016766317 0.002927367 0.999855161 12.502845764
0.999823451 0.000931576 0.018765952 0.166499555 -0.000863045 0.999992907 -0.003659615 -0.184135750 -0.018769227 0.003642772 0.999817312 14.055130959
0.999789834 0.001194951 0.020465443 0.198147804 -0.001142132 0.999995947 -0.002592399 -0.211201012 -0.020468462 0.002568480 0.999787211 15.596480370
0.999759436 0.000653305 0.021924451 0.231133729 -0.000631875 0.999999344 -0.000984347 -0.225796044 -0.021925079 0.000970257 0.999759138 17.150508881
0.999728501 -0.000657246 0.023292582 0.273176491 0.000656961 0.999999702 0.000019907 -0.248417690 -0.023292590 -0.000004599 0.999728680 18.690099716
0.999683976 -0.000609872 0.025130996 0.308236659 0.000628111 0.999999523 -0.000717847 -0.265699744 -0.025130548 0.000733406 0.999683917 20.237176895
0.999613106 0.000288548 0.027813964 0.340257376 -0.000234255 0.999998033 -0.001955235 -0.285937816 -0.027814474 0.001947963 0.999611139 21.779016495
0.999516666 0.001918643 0.031025559 0.389791995 -0.001849093 0.999995708 -0.002270276 -0.301889718 -0.031029787 0.002211810 0.999516010 23.344697952
0.999422610 0.002766643 0.033861984 0.445837229 -0.002669755 0.999992192 -0.002906147 -0.332368702 -0.033869755 0.002814067 0.999422371 24.882341385
0.999324143 0.002789322 0.036654111 0.509537041 -0.002654069 0.999989510 -0.003738131 -0.361222655 -0.036664162 0.003638322 0.999321043 26.447145462
0.999244630 0.002822710 0.038757823 0.574832439 -0.002632556 0.999984264 -0.004956374 -0.381987691 -0.038771208 0.004850597 0.999236465 28.006526947
0.999142528 0.002306210 0.041337360 0.623173296 -0.002098246 0.999985039 -0.005073584 -0.399484873 -0.041348428 0.004982498 0.999132276 29.543361664
0.999048650 0.002765028 0.043520432 0.677624881 -0.002585596 0.999987960 -0.004178695 -0.417369902 -0.043531459 0.004062194 0.999043763 31.083944321
0.998999834 0.000946509 0.044703383 0.774785995 -0.000813180 0.999995172 -0.003000603 -0.442472726 -0.044706006 0.002961249 0.998995900 32.632080078
0.998901010 0.000585712 0.046864055 0.833970249 -0.000422412 0.999993801 -0.003494382 -0.464684844 -0.046865810 0.003470746 0.998895168 34.159309387
0.998867393 -0.000104549 0.047579620 0.927543163 0.000322724 0.999989450 -0.004577830 -0.499733150 -0.047578644 0.004588000 0.998856962 35.691074371
0.998797297 0.000514252 0.049025517 1.002043009 -0.000285810 0.999989033 -0.004666553 -0.528442025 -0.049027383 0.004646929 0.998786628 37.199489594
0.998749256 0.000744810 0.049992375 1.080427170 -0.000627383 0.999997020 -0.002364537 -0.552425802 -0.049993984 0.002330215 0.998746812 38.775894165
0.998675346 -0.000253707 0.051453788 1.161922455 0.000247767 0.999999940 0.000121830 -0.566192210 -0.051453818 -0.000108920 0.998675346 40.310737610
0.998635173 0.000121149 0.052227642 1.263208508 -0.000208047 0.999998629 0.001658397 -0.612804472 -0.052227367 -0.001667000 0.998633802 41.761444092
0.998554885 -0.000812766 0.053736165 1.326701641 0.000762267 0.999999225 0.000960262 -0.610420346 -0.053736899 -0.000917913 0.998554707 43.263221741
0.998525441 -0.000064505 0.054288268 1.424023390 0.000108945 0.999999642 -0.000815624 -0.649127781 -0.054288208 0.000820336 0.998524964 44.812740326
0.998436391 0.000393864 0.055898596 1.484021664 -0.000266073 0.999997318 -0.002293548 -0.677537858 -0.055899344 0.002275088 0.998433828 46.335609436
0.998425841 0.000101884 0.056085188 1.611574531 0.000139860 0.999990702 -0.004306361 -0.686017931 -0.056085106 0.004307427 0.998416722 47.824695587
0.998347878 0.000915374 0.057450540 1.695816636 -0.000551335 0.999979675 -0.006352087 -0.710100770 -0.057455178 0.006309919 0.998328149 49.296867371
0.998309493 0.000349826 0.058121264 1.781650186 0.000100661 0.999969959 -0.007747710 -0.741079986 -0.058122225 0.007740461 0.998279393 50.788173676
0.998338759 -0.000245118 0.057616029 1.891014695 0.000688187 0.999970317 -0.007670315 -0.785066485 -0.057612441 0.007697225 0.998309314 52.263710022
0.998225749 0.000681692 0.059538577 1.956734657 -0.000231263 0.999971271 -0.007571885 -0.800624013 -0.059542023 0.007544680 0.998197317 53.725940704
0.998188555 -0.000212307 0.060162857 2.085862637 0.000571452 0.999982119 -0.005952413 -0.833555460 -0.060160510 0.005976009 0.998170853 55.228778839
0.997943103 0.001078562 0.064095981 2.130557060 -0.000709119 0.999983013 -0.005786368 -0.843891799 -0.064101137 0.005729014 0.997926950 56.648326874
0.997803092 0.001180197 0.066237681 2.226209641 -0.000811603 0.999984086 -0.005591344 -0.869648039 -0.066243194 0.005525302 0.997788250 58.095947266
0.997691810 0.001653281 0.067884065 2.318664551 -0.001252769 0.999981523 -0.005942083 -0.891158938 -0.067892618 0.005843326 0.997675478 59.544692993
0.997612596 -0.000108815 0.069058493 2.396694660 0.000467751 0.999986470 -0.005181415 -0.952253878 -0.069056995 0.005201349 0.997599185 60.856548309
0.997522235 -0.000043217 0.070351236 2.493170500 0.000437779 0.999984205 -0.005593055 -0.964915276 -0.070349887 0.005609996 0.997506678 62.280475616
0.997494817 -0.000362880 0.070736609 2.609967947 0.000729170 0.999986470 -0.005152483 -0.989711285 -0.070733771 0.005191155 0.997481704 63.618869781
0.997441292 0.001726112 0.071468748 2.708075523 -0.001299710 0.999981105 -0.006012341 -1.017143965 -0.071477771 0.005904069 0.997424722 65.012664795
0.997295439 0.002344913 0.073457800 2.765826225 -0.001893626 0.999978900 -0.006212520 -1.053601980 -0.073470801 0.006056617 0.997278988 66.307655334
0.997135818 0.002945824 0.075574562 2.891323328 -0.002560188 0.999983191 -0.005199093 -1.090877175 -0.075588614 0.004990718 0.997126579 67.561004639
0.996983886 0.003778832 0.077516451 2.997374773 -0.003525873 0.999988019 -0.003399902 -1.125051498 -0.077528380 0.003116335 0.996985316 68.847251892
0.996866584 0.001749843 0.079082116 3.098500490 -0.001658350 0.999997854 -0.001222607 -1.143903613 -0.079084106 0.001087630 0.996867359 70.112045288
0.996721625 0.000119238 0.080907762 3.187165022 -0.000093229 0.999999940 -0.000325240 -1.167081475 -0.080907799 0.000316631 0.996721506 71.334480286
0.996568918 -0.001027880 0.082761511 3.274256706 0.001212344 0.999996841 -0.002178635 -1.185699582 -0.082759015 0.002271494 0.996566951 72.520790100
0.996515632 -0.001151292 0.083398245 3.393379211 0.001477336 0.999991477 -0.003847873 -1.214894772 -0.083393112 0.003957673 0.996509016 73.743110657
0.996381700 -0.000908677 0.084985383 3.492873907 0.001360567 0.999985218 -0.005259496 -1.243361712 -0.084979348 0.005356094 0.996368349 74.948562622
0.996205449 0.000148010 0.087032169 3.576009750 0.000313847 0.999985933 -0.005293031 -1.279575944 -0.087031722 0.005300261 0.996191442 76.076324463
0.996126413 -0.000207720 0.087934032 3.703342199 0.000758184 0.999980271 -0.006226610 -1.299981594 -0.087931015 0.006269158 0.996106863 77.245185852
0.996023476 -0.000886313 0.089087144 3.819024086 0.001421630 0.999981284 -0.005945648 -1.339856029 -0.089080207 0.006048654 0.996006131 78.338470459
0.995894074 -0.000331927 0.090524949 3.916827679 0.000928235 0.999978065 -0.006545200 -1.357626438 -0.090520807 0.006602354 0.995872676 79.493247986
0.995770514 -0.001587000 0.091862567 4.012240887 0.002218114 0.999974608 -0.006768512 -1.385677099 -0.091849521 0.006943646 0.995748639 80.573570251
0.995660186 -0.000768985 0.093059272 4.125090599 0.001412164 0.999975562 -0.006845846 -1.413091779 -0.093051724 0.006947551 0.995637000 81.649559021
0.995561361 -0.001399278 0.094103828 4.221170425 0.002018728 0.999976873 -0.006487746 -1.424641371 -0.094092570 0.006648920 0.995541275 82.781410217
0.995431602 -0.002293965 0.095449217 4.317443371 0.002756500 0.999985099 -0.004714309 -1.466819286 -0.095436975 0.004955878 0.995423198 83.812850952
0.995344162 -0.001398292 0.096375532 4.423372269 0.001826106 0.999988854 -0.004350969 -1.469566107 -0.096368387 0.004506703 0.995335519 84.915222168
0.995180428 -0.000066708 0.098060451 4.505556107 0.000535044 0.999988616 -0.004749709 -1.481003284 -0.098059013 0.004779283 0.995169044 85.956787109
0.995076835 0.000341397 0.099104904 4.604290962 0.000143123 0.999988019 -0.004881809 -1.501830816 -0.099105373 0.004871960 0.995065033 87.002418518
0.995045066 -0.000860790 0.099420883 4.731371403 0.001430517 0.999982953 -0.005659305 -1.538700342 -0.099414326 0.005773487 0.995029390 88.012466431
0.994972646 -0.001582285 0.100134894 4.850081921 0.002263549 0.999975026 -0.006690210 -1.549220085 -0.100121811 0.006883235 0.994951427 89.028594971
0.994875371 -0.002622820 0.101074517 4.952471733 0.003383169 0.999967217 -0.007351976 -1.577196836 -0.101051919 0.007656254 0.994851649 90.099540710
0.994785964 -0.001513478 0.101973146 5.053596973 0.002295877 0.999968827 -0.007555670 -1.595371485 -0.101958521 0.007750394 0.994758427 91.112274170
0.994682372 -0.003393451 0.102934159 5.155786514 0.004140591 0.999966562 -0.007045630 -1.631901741 -0.102906808 0.007434372 0.994663239 92.128517151
0.994547904 -0.002947993 0.104239427 5.245645523 0.003773783 0.999963045 -0.007725712 -1.649577618 -0.104212798 0.008076967 0.994522274 93.134468079
0.994515538 -0.003666760 0.104525790 5.367987156 0.004589112 0.999952614 -0.008585014 -1.673629999 -0.104489356 0.009017608 0.994485140 94.135452271
0.994387805 -0.003258968 0.105746254 5.471848965 0.004227671 0.999951124 -0.008937757 -1.700784922 -0.105711952 0.009334657 0.994352996 95.129501343
0.994338751 -0.003650230 0.106193222 5.584618092 0.004621669 0.999949694 -0.008903190 -1.724636793 -0.106155373 0.009343576 0.994305789 96.125221252
0.994293571 -0.004179063 0.106596306 5.691442490 0.005187358 0.999944389 -0.009183493 -1.737549424 -0.106552005 0.009684040 0.994260013 97.105216980
0.994217694 -0.002884425 0.107344545 5.787389755 0.003956189 0.999944568 -0.009772721 -1.781319618 -0.107310392 0.010140887 0.994173825 98.106750488
0.994139671 -0.001981851 0.108084813 5.887696743 0.003154638 0.999938071 -0.010680723 -1.794344187 -0.108056925 0.010959098 0.994084299 99.086509705
0.994102955 -0.001968226 0.108422294 5.998605728 0.002958096 0.999955356 -0.008969685 -1.827728987 -0.108399816 0.009237515 0.994064450 100.063636780
0.994008541 -0.001710867 0.109288603 6.104877949 0.002508149 0.999971271 -0.007158149 -1.848701477 -0.109273210 0.007389373 0.993984282 101.024116516
0.993867338 -0.002317293 0.110554785 6.205790043 0.002956092 0.999979854 -0.005614563 -1.875205755 -0.110539548 0.005906941 0.993854165 101.965057373
0.993784606 -0.003598754 0.111261755 6.320625305 0.004109102 0.999982059 -0.004357950 -1.896149755 -0.111244075 0.004788050 0.993781507 102.894584656
0.993650734 -0.004525622 0.112417504 6.429611206 0.004984123 0.999980330 -0.003797843 -1.915651798 -0.112398110 0.004334033 0.993653774 103.831893921
0.993481874 -0.005423780 0.113861576 6.530127525 0.005824843 0.999978006 -0.003189978 -1.934387922 -0.113841765 0.003832411 0.993491471 104.750419617
0.993328273 -0.006232534 0.115152560 6.633301258 0.006700529 0.999970794 -0.003677496 -1.954685569 -0.115126260 0.004424543 0.993341029 105.615592957
0.993166924 -0.007100861 0.116486326 6.730798244 0.007546773 0.999965787 -0.003387404 -1.977172852 -0.116458297 0.004243354 0.993186474 106.467437744
0.993077159 -0.008264999 0.117172271 6.843824863 0.008720136 0.999956429 -0.003372238 -1.993209958 -0.117139272 0.004370651 0.993105829 107.339927673
0.992990792 -0.009180876 0.117834158 6.945528030 0.009590118 0.999949813 -0.002906489 -2.009912729 -0.117801540 0.004016161 0.993028998 108.173316956
0.992899358 -0.008566737 0.118648425 7.038133621 0.008972918 0.999955535 -0.002889586 -2.028201580 -0.118618391 0.003933690 0.992932081 108.993972778
0.992854953 -0.007953125 0.119061679 7.138678551 0.008347711 0.999961138 -0.002815767 -2.050107002 -0.119034663 0.003789541 0.992882848 109.784469604
0.992787480 -0.007918614 0.119625419 7.236014843 0.008341691 0.999960542 -0.003036354 -2.072014809 -0.119596675 0.004012332 0.992814481 110.560180664
0.992681980 -0.007251834 0.120540202 7.316888332 0.007772172 0.999962389 -0.003847134 -2.083878994 -0.120507784 0.004755840 0.992700994 111.318939209
0.992545724 -0.006860651 0.121680252 7.395785332 0.007457810 0.999962270 -0.004452852 -2.089792967 -0.121645115 0.005327127 0.992559373 112.038299561
0.992475390 -0.006297231 0.122282416 7.492290974 0.006840595 0.999968529 -0.004024196 -2.115864277 -0.122253224 0.004830399 0.992487192 112.761421204
0.992392600 -0.006246196 0.122954838 7.579836845 0.006867719 0.999965668 -0.004631717 -2.130816698 -0.122921683 0.005440900 0.992401540 113.450607300
0.992254674 -0.005430630 0.124101222 7.659770966 0.006012760 0.999972582 -0.004316703 -2.144705296 -0.124074392 0.005029458 0.992260098 114.122612000
0.992111325 -0.005829836 0.125224635 7.733214378 0.006391368 0.999971211 -0.004082904 -2.154034615 -0.125197247 0.004851052 0.992120028 114.776954651
0.991978586 -0.005500150 0.126286194 7.816836357 0.006062420 0.999973357 -0.004068435 -2.166385889 -0.126260459 0.004801400 0.991985440 115.394126892
0.991798818 -0.005645253 0.127684355 7.903570175 0.006135981 0.999975204 -0.003450260 -2.182733059 -0.127661720 0.004205432 0.991808832 115.991889954
0.991623044 -0.006364891 0.129008666 7.966486931 0.006773673 0.999973297 -0.002730121 -2.208166122 -0.128987834 0.003581115 0.991639674 116.577445984
0.991458654 -0.005239890 0.130317003 8.050600052 0.005791814 0.999975801 -0.003856585 -2.211563826 -0.130293667 0.004578415 0.991464794 117.137138367
0.991343915 -0.003385479 0.131247118 8.129026413 0.004100965 0.999978185 -0.005181532 -2.217808485 -0.131226704 0.005674921 0.991336048 117.712562561
0.991190493 -0.004638406 0.132362813 8.202325821 0.005420591 0.999970019 -0.005549674 -2.245172977 -0.132333115 0.006218271 0.991185784 118.226867676
0.991003633 -0.004954386 0.133743674 8.270627975 0.005998456 0.999954581 -0.007404687 -2.251771927 -0.133700937 0.008140328 0.990988255 118.763336182
0.990887523 -0.005085675 0.134595826 8.346700668 0.006186120 0.999950707 -0.007758967 -2.273251295 -0.134549767 0.008520888 0.990870178 119.294296265
0.990726471 -0.004897730 0.135782972 8.425941467 0.006061662 0.999948323 -0.008159872 -2.280066729 -0.135735989 0.008907272 0.990704954 119.842315674
0.990537941 -0.004073743 0.137178838 8.497774124 0.005309023 0.999948561 -0.008640209 -2.294815063 -0.137136593 0.009286741 0.990508616 120.371673584
0.990382075 -0.003464771 0.138316229 8.564567566 0.004768339 0.999947190 -0.009094295 -2.305331707 -0.138277441 0.009666366 0.990346432 120.890800476
0.990258992 -0.003292718 0.139199510 8.652499199 0.004584711 0.999949276 -0.008961953 -2.316608906 -0.139162973 0.009512842 0.990223825 121.440086365
0.990068376 -0.003548413 0.140541449 8.719858170 0.004845908 0.999948800 -0.008890972 -2.332451344 -0.140502691 0.009483721 0.990034938 121.952888489
0.989935040 -0.002775251 0.141495228 8.801213264 0.004179794 0.999944866 -0.009630195 -2.341240168 -0.141460776 0.010124688 0.989892066 122.501510620
0.989791155 -0.001471933 0.142517522 8.874844551 0.002961176 0.999943197 -0.010238018 -2.350287437 -0.142494380 0.010555520 0.989739358 123.023803711
0.989643276 -0.002023883 0.143534482 8.948207855 0.003506273 0.999943078 -0.010075568 -2.367629290 -0.143505901 0.010474487 0.989594042 123.550300598
0.989507437 -0.001552365 0.144473732 9.028734207 0.003218062 0.999931037 -0.011296436 -2.367601633 -0.144446254 0.011642834 0.989444077 124.070846558
0.989366174 -0.002128048 0.145429969 9.110636711 0.003841518 0.999926448 -0.011502291 -2.386998177 -0.145394772 0.011938650 0.989301682 124.605392456
0.989259720 -0.002413440 0.146148175 9.187714577 0.004104182 0.999928117 -0.011268263 -2.402972698 -0.146110445 0.011747057 0.989198506 125.120445251
0.989155650 -0.002220817 0.146853641 9.269539833 0.003915444 0.999929011 -0.011251505 -2.413763046 -0.146818206 0.011704489 0.989094257 125.625541687
0.989016652 -0.002093235 0.147790000 9.347906113 0.003777295 0.999931097 -0.011115203 -2.425761700 -0.147756562 0.011551367 0.988956273 126.163192749
0.988961339 -0.002463352 0.148153156 9.433544159 0.004161629 0.999929190 -0.011154087 -2.431390285 -0.148115173 0.011647522 0.988901496 126.681495667
0.988890052 -0.003386998 0.148609981 9.526284218 0.005200121 0.999916673 -0.011813691 -2.437027454 -0.148557574 0.012455230 0.988825321 127.190307617
0.988906682 -0.004188495 0.148478583 9.612491608 0.005976009 0.999914885 -0.011594781 -2.459844828 -0.148417369 0.012353466 0.988847673 127.712966919
0.988863349 -0.003889868 0.148775950 9.692769051 0.005644717 0.999919415 -0.011374814 -2.478739262 -0.148719728 0.012087935 0.988805532 128.208892822
0.988810360 -0.003522593 0.149137005 9.768711090 0.005324977 0.999917507 -0.011687835 -2.484614849 -0.149083525 0.012351204 0.988747478 128.715728760
0.988832116 -0.003559742 0.148990959 9.851071358 0.005426344 0.999911845 -0.012123657 -2.494331837 -0.148934677 0.012796738 0.988764286 129.209808350
0.988730669 -0.005131889 0.149617106 9.924461365 0.006899498 0.999912322 -0.011297550 -2.512308836 -0.149546057 0.012202519 0.988679469 129.703262329
0.988679707 -0.004852692 0.149962902 9.991348267 0.006534810 0.999921143 -0.010726147 -2.525127888 -0.149899021 0.011584702 0.988633513 130.184951782
0.988637984 -0.005726485 0.150206849 10.066985130 0.007424715 0.999914587 -0.010747572 -2.531095505 -0.150132492 0.011740702 0.988596201 130.652832031
0.988602281 -0.005669849 0.150444016 10.149962425 0.007467204 0.999907315 -0.011384767 -2.547590733 -0.150365517 0.012378402 0.988552988 131.162750244
0.988530695 -0.005689422 0.150912926 10.215307236 0.007529858 0.999904096 -0.011626699 -2.553903341 -0.150832310 0.012629702 0.988478661 131.624877930
0.988568902 -0.005547908 0.150667459 10.296151161 0.007441371 0.999900162 -0.012006271 -2.571512222 -0.150585815 0.012990199 0.988511503 132.125961304
0.988652050 -0.005442868 0.150124773 10.368940353 0.007480700 0.999887228 -0.013012872 -2.581220865 -0.150037065 0.013988242 0.988581419 132.607192993
0.988726139 -0.005924255 0.149617553 10.442835808 0.008090653 0.999870956 -0.013875039 -2.593690395 -0.149516031 0.014929116 0.988646626 133.084274292
0.988753080 -0.005783500 0.149444908 10.517910004 0.007992350 0.999867380 -0.014184006 -2.604064941 -0.149343044 0.015218895 0.988668323 133.568084717
0.988815725 -0.004776105 0.149065837 10.583123207 0.007000649 0.999871790 -0.014402090 -2.614816666 -0.148977920 0.015284572 0.988722324 134.061691284
0.988891661 -0.003991820 0.148584694 10.661865234 0.006305956 0.999865949 -0.015106673 -2.629436731 -0.148504481 0.015875831 0.988784313 134.551300049
0.988900304 -0.003393456 0.148542330 10.739089012 0.005904620 0.999846995 -0.016467649 -2.631624222 -0.148463696 0.017161947 0.988768876 135.028335571
0.988889217 -0.004471232 0.148586974 10.821170807 0.007016780 0.999837399 -0.016611915 -2.658867121 -0.148488551 0.017469944 0.988759756 135.537750244
0.988863587 -0.004251208 0.148764402 10.892022133 0.006784715 0.999840379 -0.016526992 -2.671105385 -0.148670405 0.017352261 0.988734603 136.012542725
0.988839805 -0.003962687 0.148930132 10.970669746 0.006520952 0.999839365 -0.016693236 -2.681571245 -0.148840055 0.017478101 0.988706768 136.512695312
0.988844156 -0.004346972 0.148890257 11.046975136 0.007004783 0.999825120 -0.017331054 -2.696468353 -0.148788929 0.018180653 0.988701820 137.009902954
0.988848984 -0.004349741 0.148857504 11.129068375 0.007107652 0.999812722 -0.018000234 -2.704405785 -0.148751318 0.018857544 0.988694787 137.507385254
0.988887846 -0.004452743 0.148597002 11.203149796 0.007158184 0.999818027 -0.017676724 -2.726139307 -0.148491263 0.018543977 0.988739789 138.007385254
0.988795519 -0.004830240 0.149198145 11.269529343 0.007508067 0.999820709 -0.017390110 -2.742513657 -0.149087369 0.018315451 0.988654315 138.492477417
0.988764048 -0.004187850 0.149425641 11.344076157 0.006934151 0.999816477 -0.017862784 -2.755627871 -0.149323404 0.018698221 0.988611519 138.990753174
0.988780916 -0.003442948 0.149333954 11.434595108 0.006095836 0.999831557 -0.017310712 -2.765151739 -0.149249196 0.018026816 0.988635302 139.524795532
0.988738954 -0.003612550 0.149606898 11.499580383 0.006133107 0.999846876 -0.016389923 -2.782096148 -0.149524778 0.017122911 0.988609731 140.023422241
0.988754153 -0.004659721 0.149477452 11.583990097 0.007044382 0.999856174 -0.015427819 -2.800400972 -0.149384096 0.016307296 0.988644779 140.531539917
0.988693833 -0.005797984 0.149836078 11.652975082 0.008083088 0.999860048 -0.014646184 -2.818078041 -0.149730191 0.015691729 0.988602400 141.024597168
0.988676369 -0.004241799 0.150002941 11.727943420 0.006552464 0.999867260 -0.014913250 -2.827976942 -0.149919763 0.015727267 0.988573074 141.538177490
0.988792002 -0.003586106 0.149256229 11.826529503 0.005826283 0.999876738 -0.014574385 -2.844049692 -0.149185598 0.015280644 0.988691151 142.057464600
0.988684654 -0.002712138 0.149984419 11.889827728 0.004858735 0.999890864 -0.013947545 -2.857230663 -0.149930254 0.014518453 0.988590002 142.548278809
0.988549709 -0.001571786 0.150887340 11.969034195 0.003705722 0.999897003 -0.013862439 -2.877338648 -0.150850013 0.014262857 0.988453746 143.033157349
0.988323092 -0.002427597 0.152354240 12.048769951 0.004750611 0.999877930 -0.014885288 -2.885122776 -0.152299508 0.015435248 0.988213837 143.545486450
0.988162696 -0.002063156 0.153395802 12.120468140 0.004454676 0.999873757 -0.015248450 -2.894779682 -0.153344974 0.015751278 0.988047183 144.033279419
0.987969220 -0.001469434 0.154644012 12.184302330 0.003981722 0.999865055 -0.015937133 -2.916422129 -0.154599726 0.016361143 0.987841666 144.497665405
0.987779200 -0.001087927 0.155855924 12.276691437 0.003917048 0.999832988 -0.017846175 -2.923438311 -0.155810490 0.018238578 0.987618566 145.000076294
0.987604558 -0.000526415 0.156961352 12.348794937 0.003660806 0.999799550 -0.019680765 -2.939772606 -0.156919554 0.020011421 0.987408638 145.468093872
0.987405777 0.000855172 0.158206016 12.427965164 0.002465265 0.999780834 -0.020790625 -2.958503246 -0.158189118 0.020918805 0.987187207 145.981155396
0.987153769 0.000378764 0.159772411 12.502176285 0.002841663 0.999797344 -0.019927379 -2.979965925 -0.159747586 0.020125406 0.986952722 146.459762573
0.987046063 0.000083066 0.160436928 12.596707344 0.003040482 0.999810576 -0.019223412 -2.979786873 -0.160408154 0.019462202 0.986858845 146.947250366
0.986929178 -0.001554909 0.161147103 12.688412666 0.004458873 0.999834061 -0.017660514 -2.990598202 -0.161092907 0.018148210 0.986772358 147.437591553
0.986753762 -0.002677252 0.162203252 12.765380859 0.005233725 0.999868751 -0.015335679 -3.012282133 -0.162140906 0.015981466 0.986638248 147.899429321
0.986504912 -0.003056985 0.163702831 12.838818550 0.005343131 0.999894261 -0.013526727 -3.020017147 -0.163644150 0.014218870 0.986416936 148.378311157
0.986325443 -0.002834859 0.164784774 12.910567284 0.004920907 0.999912858 -0.012252364 -3.036504745 -0.164735690 0.012895711 0.986253381 148.832031250
0.986212313 -0.002029009 0.165472567 12.993566513 0.004203181 0.999909341 -0.012790057 -3.047570229 -0.165431604 0.013309221 0.986131430 149.294479370
0.986104429 -0.002380013 0.166109547 13.073634148 0.004590323 0.999905884 -0.012923688 -3.059502125 -0.166063204 0.013506603 0.986022592 149.750152588
0.986003220 -0.004707926 0.166659832 13.152609825 0.006847935 0.999901295 -0.012268255 -3.077705860 -0.166585624 0.013237814 0.985938132 150.186691284
0.985822380 -0.005043799 0.167716712 13.229892731 0.007252927 0.999894798 -0.012561830 -3.080911160 -0.167635679 0.013600170 0.985755205 150.618865967
0.985710144 -0.005672254 0.168354303 13.309633255 0.007852929 0.999893665 -0.012289926 -3.090233326 -0.168266684 0.013436382 0.985649884 151.053375244
0.985519469 -0.006805541 0.169425532 13.382514954 0.008871688 0.999895215 -0.011440978 -3.101067066 -0.169329897 0.012778399 0.985476494 151.461593628
0.985423863 -0.006675150 0.169985905 13.456369400 0.008577608 0.999908507 -0.010459923 -3.115221500 -0.169900551 0.011765530 0.985391021 151.873794556
0.985322177 -0.005985558 0.170600280 13.523142815 0.007874742 0.999914944 -0.010399221 -3.123170853 -0.170523524 0.011590013 0.985285461 152.285720825
0.985242486 -0.005837684 0.171064869 13.604365349 0.007780144 0.999912560 -0.010686907 -3.138384819 -0.170987561 0.011860104 0.985201776 152.679595947
0.985109925 -0.005848943 0.171825975 13.673869133 0.007936568 0.999902666 -0.011465191 -3.147295713 -0.171742186 0.012658183 0.985060573 153.051910400
0.984991848 -0.005644800 0.172508597 13.735691071 0.007768433 0.999902070 -0.011637653 -3.156136274 -0.172426030 0.012803113 0.984939277 153.429260254
0.984860003 -0.006142403 0.173242003 13.798581123 0.008459433 0.999884307 -0.012639348 -3.163195610 -0.173144311 0.013913518 0.984798193 153.803390503
0.984795749 -0.006978023 0.173575565 13.878732681 0.009410108 0.999868691 -0.013192688 -3.169330835 -0.173460707 0.014625467 0.984732211 154.186111450
0.984660149 -0.007254254 0.174331829 13.947029114 0.009682022 0.999867499 -0.013079700 -3.182278156 -0.174213856 0.014566946 0.984600067 154.562576294
0.984475672 -0.007296992 0.175369173 14.009920120 0.009741972 0.999866903 -0.013085058 -3.190009594 -0.175250307 0.014590363 0.984415770 154.929473877
0.984360099 -0.008196003 0.175977886 14.076405525 0.010626894 0.999860644 -0.012875649 -3.197115660 -0.175847828 0.014544372 0.984309852 155.286453247
0.984222293 -0.008185938 0.176747561 14.139035225 0.010546540 0.999867201 -0.012420470 -3.205734730 -0.176622406 0.014088576 0.984177828 155.653259277
0.984094739 -0.007899713 0.177468777 14.216076851 0.010174494 0.999877274 -0.011911517 -3.217571020 -0.177352890 0.013527716 0.984054267 156.022384644
0.983912528 -0.007108791 0.178509653 14.279241562 0.009451640 0.999879956 -0.012277486 -3.223398685 -0.178400934 0.013767178 0.983861506 156.376647949
0.983795941 -0.007788222 0.179122597 14.343003273 0.010145918 0.999873459 -0.012250127 -3.230629444 -0.179004550 0.013868986 0.983750463 156.723602295
0.983626544 -0.009481107 0.179969087 14.416290283 0.011846114 0.999856949 -0.012070962 -3.242388248 -0.179828897 0.014005252 0.983598113 157.071762085
0.983496964 -0.008801510 0.180710211 14.476408005 0.011588527 0.999829590 -0.014372587 -3.250825167 -0.180552900 0.016229559 0.983431339 157.410736084
0.983325481 -0.008307911 0.181664959 14.544026375 0.011505401 0.999796748 -0.016554255 -3.257906437 -0.181490526 0.018368350 0.983221114 157.787597656
0.983135939 -0.007986367 0.182701468 14.614416122 0.011384145 0.999781013 -0.017556205 -3.267313480 -0.182521269 0.019340038 0.983011603 158.149307251
0.982961118 -0.007431578 0.183663622 14.684561729 0.010883268 0.999782443 -0.017792676 -3.274196148 -0.183491409 0.019488366 0.982828140 158.540206909
0.982810616 -0.007866070 0.184448898 14.765836716 0.011324013 0.999779165 -0.017701523 -3.283366203 -0.184268937 0.019485947 0.982682705 158.941833496
0.982541919 -0.008452123 0.185849160 14.833403587 0.011982586 0.999768317 -0.017881308 -3.296509504 -0.185654983 0.019796092 0.982415557 159.339492798
0.982420921 -0.008198116 0.186498776 14.926051140 0.011915890 0.999751806 -0.018822320 -3.297701359 -0.186298206 0.020713743 0.982274890 159.769821167
0.982246816 -0.007423775 0.187446371 15.006711006 0.011137036 0.999761879 -0.018764356 -3.317159176 -0.187262416 0.020518826 0.982095599 160.205337524
0.982114494 -0.006173560 0.188183755 15.088170052 0.010059008 0.999755323 -0.019699080 -3.326362133 -0.188016132 0.021239692 0.981936276 160.638717651
0.981879592 -0.006819443 0.189383253 15.175498009 0.010802177 0.999741435 -0.020005763 -3.339222670 -0.189197868 0.021689001 0.981699407 161.088241577
0.981811404 -0.007653714 0.189704552 15.276501656 0.011668988 0.999730706 -0.020057984 -3.348547459 -0.189499959 0.021906821 0.981636345 161.576385498
0.981525064 -0.007852345 0.191172227 15.354328156 0.011978063 0.999719441 -0.020435126 -3.352959633 -0.190958098 0.022347465 0.981343746 162.046951294
0.981400013 -0.008822630 0.191771448 15.454832077 0.012991235 0.999705672 -0.020490870 -3.365956545 -0.191534236 0.022601089 0.981225729 162.546524048
0.981436193 -0.009235746 0.191566959 15.573637962 0.013361412 0.999705493 -0.020255815 -3.376248837 -0.191323474 0.022439392 0.981270492 163.065643311
0.981319368 -0.009063425 0.192172170 15.671545982 0.013077446 0.999721766 -0.019629531 -3.392713547 -0.191940814 0.021775957 0.981164873 163.570419312
0.981258750 -0.007549524 0.192546532 15.769824028 0.011572753 0.999737442 -0.019778723 -3.399452925 -0.192346647 0.021636343 0.981088459 164.088973999
0.981297493 -0.008833835 0.192294523 15.884419441 0.012700585 0.999741018 -0.018885123 -3.428889513 -0.192077890 0.020974172 0.981155515 164.628097534
0.981182754 -0.010048904 0.192819655 15.982802391 0.013957012 0.999723494 -0.018920548 -3.443498373 -0.192576215 0.021255704 0.981051743 165.136657715
0.981106281 -0.009756211 0.193223178 16.082466125 0.013755018 0.999717832 -0.019364532 -3.450904369 -0.192979693 0.021656452 0.980963707 165.675354004
0.981076062 -0.009353450 0.193396837 16.203777313 0.013308991 0.999727786 -0.019163864 -3.468453407 -0.193164900 0.021375125 0.980933428 166.226913452
0.981040537 -0.008215489 0.193628386 16.312683105 0.012055672 0.999753177 -0.018662777 -3.486343145 -0.193427265 0.020643262 0.980897427 166.769287109
0.981003940 -0.009501036 0.193755180 16.428192139 0.013250425 0.999749005 -0.018064389 -3.499902964 -0.193534866 0.020288572 0.980883658 167.305725098
0.981000304 -0.010045589 0.193746388 16.539955139 0.013802044 0.999741852 -0.018048404 -3.520778656 -0.193515062 0.020379586 0.980885625 167.842163086
0.980867088 -0.009731986 0.194435060 16.635839462 0.013615031 0.999733388 -0.018644497 -3.541635990 -0.194201782 0.020935012 0.980738163 168.393615723
0.980834305 -0.008884906 0.194640607 16.748201370 0.012814561 0.999738514 -0.018939419 -3.555099249 -0.194421440 0.021070670 0.980691731 168.948776245
0.980907142 -0.008471674 0.194291934 16.882640839 0.012642006 0.999715269 -0.020234365 -3.547674656 -0.194065198 0.022304270 0.980735004 169.522613525
0.980796039 -0.008531119 0.194849655 16.987306595 0.012785541 0.999706268 -0.020587128 -3.583777189 -0.194616765 0.022683023 0.980617166 170.104568481
0.980681300 -0.009050864 0.195403218 17.110940933 0.013515153 0.999676943 -0.021525320 -3.596107006 -0.195145264 0.023750380 0.980486810 170.723602295
0.980506599 -0.008646913 0.196295947 17.223676682 0.012949006 0.999702990 -0.020643519 -3.648653746 -0.196059167 0.022782940 0.980327368 171.304733276
0.980256617 -0.008019736 0.197566852 17.337038040 0.012538686 0.999687374 -0.021632681 -3.655681610 -0.197331592 0.023682809 0.980050683 171.923477173
0.980224431 -0.008641476 0.197700232 17.495315552 0.013331288 0.999660134 -0.022403192 -3.665577650 -0.197439447 0.024595756 0.980006516 172.574966431
0.979917228 -0.008952456 0.199203223 17.612047195 0.013709350 0.999652565 -0.022513112 -3.675233126 -0.198932439 0.024791932 0.979699612 173.194305420
0.979767799 -0.007955692 0.199979439 17.748081207 0.012573066 0.999682665 -0.021829842 -3.691628695 -0.199742332 0.023902532 0.979556918 173.863494873
0.979632676 -0.008005616 0.200638026 17.890392303 0.012303057 0.999720633 -0.020181116 -3.718151331 -0.200420365 0.022238540 0.979457557 174.525238037
0.979455829 -0.008577811 0.201476529 18.035972595 0.012560913 0.999749959 -0.018499399 -3.727819204 -0.201267451 0.020650066 0.979318619 175.211639404
0.979342461 -0.010233982 0.201949507 18.194171906 0.013728914 0.999779165 -0.015912831 -3.758183956 -0.201742023 0.018356657 0.979266584 175.873474121
0.979063809 -0.010789376 0.203267127 18.320665359 0.014042999 0.999795318 -0.014571112 -3.775508642 -0.203068271 0.017120531 0.979014874 176.522720337
0.978837490 -0.010429568 0.204372540 18.456092834 0.013595369 0.999808252 -0.014092356 -3.794033051 -0.204186365 0.016572647 0.978791654 177.167007446
0.978689730 -0.010748086 0.205063209 18.600606918 0.013884196 0.999807537 -0.013860616 -3.812895298 -0.204874754 0.016412381 0.978650510 177.840362549
0.978445113 -0.011078604 0.206209823 18.735239029 0.014398938 0.999789655 -0.014607923 -3.822426558 -0.206004620 0.017262256 0.978398740 178.480712891
0.978316247 -0.011035332 0.206822529 18.883632660 0.014291842 0.999796271 -0.014257926 -3.846652508 -0.206623033 0.016904637 0.978274584 179.128982544
0.978073835 -0.009445911 0.208043724 19.011983871 0.012695163 0.999817252 -0.014288445 -3.867784977 -0.207870767 0.016616307 0.978015184 179.766433716
0.977824986 -0.008391255 0.209255472 19.144657135 0.011665733 0.999827921 -0.014418910 -3.883044958 -0.209098488 0.016540293 0.977754772 180.385498047
0.977696359 -0.009648110 0.209801719 19.293006897 0.012947693 0.999813199 -0.014359312 -3.895572901 -0.209623963 0.016755493 0.977638483 181.058120728
0.977565944 -0.009317696 0.210423663 19.446517944 0.012434558 0.999831736 -0.013494077 -3.922891855 -0.210262522 0.015807876 0.977517188 181.692092896
0.977301776 -0.010314578 0.211600721 19.588171005 0.013357176 0.999826908 -0.012954586 -3.921439409 -0.211430490 0.015486926 0.977270365 182.298202515
0.977138460 -0.009627586 0.212385446 19.722562790 0.012590751 0.999841273 -0.012603734 -3.945802689 -0.212230414 0.014989688 0.977104664 182.965454102
0.976914763 -0.010408755 0.213375852 19.862829208 0.013314877 0.999837101 -0.012187131 -3.959854603 -0.213214234 0.014746862 0.976894140 183.599227905
0.976801634 -0.012791336 0.213763446 20.013259888 0.015789071 0.999799430 -0.012322143 -3.937286139 -0.213562936 0.015411419 0.976807714 184.258239746
0.976643085 -0.014451004 0.214381725 20.155885696 0.017316714 0.999783993 -0.011495237 -3.973269224 -0.214169294 0.014939131 0.976682305 184.861389160
