0.999348879 -0.005044377 -0.035725735 -0.034904011 0.005299279 0.999961138 0.007043845 -0.002860916 0.035688818 -0.007228580 0.999336720 0.814628482
0.998840034 -0.004671891 -0.047923930 -0.052930344 0.004962710 0.999969959 0.005951121 0.004319923 0.047894686 -0.006182051 0.998833239 1.082130313
0.998244047 -0.002132709 -0.059196994 -0.077621654 0.002705158 0.999950349 0.009591783 0.007088890 0.059173595 -0.009735078 0.998200238 1.351119518
0.997516215 -0.000266152 -0.070436865 -0.111995690 0.000640868 0.999985635 0.005297344 0.008724491 0.070434459 -0.005329326 0.997502148 1.635157943
0.996662974 -0.000228057 -0.081626274 -0.144791901 0.000064921 0.999997973 -0.002001222 -0.005196612 0.081626572 0.001989244 0.996660948 1.873671174
0.995563865 -0.003646671 -0.094017841 -0.169458523 0.002709836 0.999945402 -0.010090186 -0.000036070 0.094049506 0.009790651 0.995519340 2.143844366
0.994297743 -0.008600779 -0.106292218 -0.194540113 0.007018784 0.999859095 -0.015248569 0.003970344 0.106408387 0.014415576 0.994217932 2.405201197
0.992935956 -0.010347287 -0.118199289 -0.235415548 0.008707208 0.999858618 -0.014383556 0.016835336 0.118331410 0.013252767 0.992885709 2.674256086
0.991429865 -0.008117606 -0.130387470 -0.284659266 0.007057656 0.999938190 -0.008589266 0.018230500 0.130449131 0.007595425 0.991425872 2.964426756
0.989809155 -0.005767352 -0.142283291 -0.335015267 0.005192635 0.999976814 -0.004410220 0.020012453 0.142305434 0.003626452 0.989816070 3.240924835
0.987982213 -0.006058839 -0.154448554 -0.385632634 0.005392911 0.999974310 -0.004730269 0.018343480 0.154473245 0.003840495 0.987989426 3.523429632
0.986256957 -0.004686064 -0.165152207 -0.443743408 0.003995086 0.999981761 -0.004515825 0.024618519 0.165170357 0.003793967 0.986257732 3.787612677
0.983973742 0.000386157 -0.178313121 -0.501710773 0.000447574 0.999989092 0.004635409 0.017599769 0.178313017 -0.004640928 0.983962893 4.069243908
0.981774688 0.001984327 -0.190037906 -0.568495512 0.000415191 0.999920726 0.012585884 0.004688926 0.190047771 -0.012435403 0.981696248 4.345817089
0.979604185 -0.003503946 -0.200906068 -0.626015007 0.006456011 0.999880612 0.014040435 0.008153707 0.200832903 -0.015051121 0.979509890 4.613365650
0.976999581 -0.008948561 -0.213053405 -0.684535921 0.011791565 0.999857605 0.012077106 0.011945046 0.212914988 -0.014311561 0.976965904 4.892907143
0.974334896 -0.012073073 -0.224779248 -0.749931812 0.014921669 0.999828398 0.010978336 0.017956890 0.224608123 -0.014050657 0.974348009 5.160406113
0.971610487 -0.005470576 -0.236522749 -0.838408768 0.007923735 0.999924183 0.009422448 0.028691985 0.236453265 -0.011029093 0.971580327 5.437770367
0.968447030 -0.000581469 -0.249218836 -0.924142838 0.002613098 0.999966025 0.007821230 0.037234791 0.249205813 -0.008225680 0.968415618 5.709494114
0.965013921 -0.003311512 -0.262177676 -1.005530357 0.005677510 0.999949813 0.008267407 0.038312338 0.262137115 -0.009466681 0.964984238 5.999702454
0.961811244 -0.008226950 -0.273589641 -1.095439315 0.011313032 0.999888837 0.009704195 0.048080623 0.273479372 -0.012428734 0.961797535 6.280269146
0.958305955 -0.008738867 -0.285610497 -1.195720673 0.013104925 0.999824643 0.013379024 0.052418642 0.285443544 -0.016564107 0.958252370 6.575943470
0.954152882 -0.004484158 -0.299285948 -1.312716007 0.009912138 0.999812841 0.016620824 0.059249792 0.299155295 -0.018825373 0.954018652 6.881218910
0.949729621 -0.004660660 -0.313037068 -1.421164989 0.010200098 0.999818921 0.016060449 0.059124641 0.312905580 -0.018446088 0.949605107 7.186296940
0.944853306 -0.005281369 -0.327451497 -1.532150507 0.010150307 0.999861777 0.013161978 0.065570906 0.327336729 -0.015759870 0.944776356 7.507761955
0.940021276 -0.005915235 -0.341064453 -1.667312384 0.010407271 0.999881625 0.011342493 0.070194170 0.340957016 -0.014211738 0.939971447 7.817307472
0.934497297 -0.008226327 -0.355875224 -1.806476831 0.012986465 0.999855280 0.010988908 0.068224952 0.355733395 -0.014890666 0.934468806 8.143797874
0.927913249 -0.013426631 -0.372554392 -1.938165784 0.017860236 0.999804795 0.008451757 0.081724137 0.372368187 -0.014496407 0.927971900 8.482594490
0.921410620 -0.016732657 -0.388230085 -2.091472149 0.019649746 0.999800742 0.003544707 0.099419139 0.388093382 -0.010894753 0.921555698 8.817162514
0.914191067 -0.012843374 -0.405079901 -2.256951571 0.014476060 0.999894738 0.000967371 0.102690428 0.405024797 -0.006748322 0.914280772 9.168983459
0.906434596 -0.009531646 -0.422238708 -2.435076714 0.011340116 0.999934077 0.001771641 0.096423209 0.422194004 -0.006394113 0.906482935 9.500566483
0.897990525 -0.008536106 -0.439931691 -2.620254517 0.011017885 0.999934554 0.003087778 0.102777503 0.439876527 -0.007619914 0.898025930 9.862923622
0.889153600 -0.009606730 -0.457507849 -2.809412956 0.013133262 0.999903500 0.004528196 0.105303273 0.457420200 -0.010034832 0.889194071 10.211532593
0.880123794 -0.010468191 -0.474628747 -3.003381729 0.014373281 0.999886096 0.004599951 0.115197316 0.474526435 -0.010870500 0.880174100 10.554153442
0.870860755 -0.009218728 -0.491443396 -3.203294754 0.013793343 0.999888659 0.005686062 0.122135773 0.491336226 -0.011730415 0.870891035 10.896096230
0.861736715 -0.007165742 -0.507304966 -3.426501513 0.012740359 0.999890566 0.007517918 0.118939281 0.507195592 -0.012941713 0.861733794 11.225378036
0.852293372 -0.005011362 -0.523040235 -3.636727810 0.011260164 0.999898136 0.008768181 0.114323355 0.522942901 -0.013362579 0.852262855 11.538835526
0.842900097 -0.002807001 -0.538062811 -3.851343155 0.009380357 0.999911070 0.009478359 0.118225954 0.537988305 -0.013036529 0.842851400 11.857171059
0.833995342 -0.002260693 -0.551766753 -4.094233990 0.009160624 0.999910533 0.009749458 0.119696654 0.551695287 -0.013185534 0.833941460 12.182765007
0.825272679 -0.001830627 -0.564731419 -4.325250626 0.008358898 0.999924839 0.008973969 0.145058066 0.564672470 -0.012126504 0.825226068 12.483695030
0.816787422 -0.000119327 -0.576938748 -4.573861122 0.007457699 0.999918640 0.010351249 0.140251786 0.576890528 -0.012757405 0.816721857 12.794142723
0.808299541 0.001040093 -0.588770509 -4.804828644 0.006607256 0.999919474 0.010837248 0.156217828 0.588734329 -0.012649899 0.808227599 13.092864990
0.800847411 0.001307887 -0.598867178 -5.069581032 0.006297054 0.999924064 0.010604636 0.164093181 0.598835349 -0.012263793 0.800778151 13.403391838
0.793383956 0.001427051 -0.608719945 -5.308695793 0.006454837 0.999921322 0.010757169 0.175961971 0.608687222 -0.012463752 0.793312252 13.696925163
0.786997736 0.002856574 -0.616949379 -5.560477257 0.005630525 0.999914348 0.011812216 0.193270817 0.616930306 -0.012769934 0.786914229 13.982513428
0.781400919 0.003312188 -0.624020755 -5.829852104 0.005592424 0.999908566 0.012310187 0.204234168 0.624004304 -0.013108978 0.781310976 14.290542603
0.776774406 0.003599531 -0.629768729 -6.078814507 0.005032320 0.999916315 0.011922166 0.214845926 0.629758894 -0.012430030 0.776691258 14.559465408
0.772233665 0.004421504 -0.635323107 -6.305584908 0.004206253 0.999918222 0.012071578 0.214161873 0.635324717 -0.011994408 0.772152066 14.852071762
0.769477248 0.004197858 -0.638660312 -6.541944504 0.004061665 0.999925971 0.011466042 0.242895544 0.638661325 -0.011416882 0.769403279 15.124156952
0.767497122 0.003879853 -0.641040683 -6.790476322 0.005165807 0.999911726 0.012236744 0.240304053 0.641031623 -0.012703157 0.767409384 15.412734985
0.767693222 0.003251974 -0.640809357 -7.032616615 0.005244094 0.999921739 0.011356849 0.250400245 0.640796185 -0.012079040 0.767616153 15.673120499
0.767596841 0.003437890 -0.640923798 -7.227583885 0.005218133 0.999918878 0.011612974 0.233883262 0.640911818 -0.012258507 0.767516673 15.934720039
0.768011987 0.001501227 -0.640433669 -7.469445705 0.005498700 0.999944866 0.008938026 0.253891885 0.640411854 -0.010386064 0.767961442 16.258010864
0.771189153 -0.000925946 -0.636605263 -7.692481995 0.005548124 0.999970734 0.005266584 0.266460180 0.636581838 -0.007593499 0.771171868 16.514471054
0.776034713 -0.001965723 -0.630687177 -7.943109035 0.005330199 0.999979854 0.003441857 0.244964957 0.630667746 -0.006032687 0.776029527 16.793628693
0.780151248 -0.002912380 -0.625584185 -8.148222923 0.005546721 0.999981999 0.002261813 0.265821695 0.625566363 -0.005234497 0.780153394 17.103397369
0.786555529 -0.000918876 -0.617518842 -8.371529579 0.004515914 0.999980688 0.004264095 0.269346565 0.617502987 -0.006142610 0.786544561 17.382059097
0.793713868 0.001566154 -0.608289301 -8.618144989 0.002514894 0.999979675 0.005856144 0.287019491 0.608286142 -0.006177886 0.793693781 17.700588226
0.801514864 0.003843733 -0.597962499 -8.818728447 0.000276111 0.999976873 0.006798004 0.303278744 0.597974718 -0.005613806 0.801495254 18.003025055
0.811926723 0.005642450 -0.583732069 -9.043858528 -0.000251669 0.999956608 0.009315692 0.285678506 0.583759189 -0.007416753 0.811892867 18.267108917
0.820724785 0.005291825 -0.571299195 -9.251626968 -0.000874706 0.999967575 0.008005893 0.301699102 0.571323097 -0.006070916 0.820702732 18.601236343
0.831190050 0.005024471 -0.555965662 -9.445841789 -0.001540336 0.999976099 0.006734300 0.303124726 0.555986226 -0.004741109 0.831177950 18.906171799
0.842759132 0.006624446 -0.538250089 -9.637844086 -0.003866271 0.999972999 0.006253472 0.296477854 0.538277090 -0.003189150 0.842761874 19.203742981
0.854006052 0.008099509 -0.520200014 -9.826330185 -0.006806069 0.999967158 0.004396041 0.304013759 0.520218551 -0.000213729 0.854033113 19.522891998
0.864968181 0.009852135 -0.501729906 -9.993499756 -0.009606872 0.999949157 0.003073353 0.304928064 0.501734734 0.002161704 0.865018904 19.826751709
0.875988066 0.008349428 -0.482260406 -10.157631874 -0.008465245 0.999962270 0.001936003 0.304539233 0.482258409 0.002386536 0.876025617 20.134857178
0.886830628 0.007054887 -0.462040782 -10.314682961 -0.007711504 0.999970138 0.000467229 0.309244990 0.462030292 0.003148676 0.886858582 20.464618683
0.897774994 0.006808021 -0.440401942 -10.464946747 -0.008433370 0.999962866 -0.001733639 0.318829656 0.440373749 0.005270489 0.897799075 20.787706375
0.908607960 0.006506080 -0.417599589 -10.612158775 -0.008795265 0.999954939 -0.003557619 0.320397109 0.417557716 0.006905380 0.908624232 21.112751007
0.918695509 0.004551872 -0.394940287 -10.742068291 -0.006485670 0.999972641 -0.003561573 0.314438820 0.394913256 0.005833453 0.918699920 21.459959030
0.928783715 0.001600652 -0.370618731 -10.871732712 -0.003242652 0.999987483 -0.003807392 0.319306493 0.370607942 0.004738032 0.928777337 21.803350449
0.937883079 0.000385021 -0.346951306 -10.982931137 -0.001632055 0.999993205 -0.003302073 0.323452145 0.346947670 0.003663202 0.937877357 22.156169891
0.946672618 0.000748339 -0.322196126 -11.093418121 -0.002101035 0.999990344 -0.003850635 0.332306206 0.322190166 0.004322236 0.946665227 22.517702103
0.954728067 0.002824047 -0.297466815 -11.206658363 -0.003996995 0.999986470 -0.003334941 0.325189948 0.297453344 0.004372935 0.954726338 22.881221771
0.962069571 0.005432145 -0.272750109 -11.298171997 -0.006438140 0.999975324 -0.002793500 0.319945097 0.272728175 0.004443544 0.962080836 23.245586395
0.968671262 0.003285635 -0.248324841 -11.383310318 -0.004221072 0.999985874 -0.003234644 0.331417561 0.248310745 0.004181503 0.968671381 23.627353668
0.974524617 0.001495096 -0.224275425 -11.453132629 -0.002057506 0.999995291 -0.002273993 0.319062352 0.224271014 0.002677511 0.974523067 24.007579803
0.979898632 0.002389323 -0.199481681 -11.520093918 -0.002947786 0.999992549 -0.002502618 0.327435017 0.199474216 0.003040341 0.979898334 24.393411636
0.984558105 0.004936144 -0.174987867 -11.584873199 -0.005436518 0.999982357 -0.002380229 0.324128389 0.174973011 0.003294799 0.984567702 24.786231995
0.988496006 0.006475483 -0.151108518 -11.633819580 -0.006692385 0.999977231 -0.000926879 0.320737064 0.151099041 0.001927493 0.988516808 25.187385559
0.991887569 0.007848265 -0.126875922 -11.680278778 -0.007853720 0.999969065 0.000457258 0.327943057 0.126875594 0.000542899 0.991918504 25.604074478
0.994696617 0.011426288 -0.102217153 -11.720518112 -0.011386996 0.999934733 0.000967908 0.333689302 0.102221556 0.000201171 0.994761646 26.026229858
0.996868551 0.015705805 -0.077500977 -11.750200272 -0.015696075 0.999876499 0.000734777 0.331098944 0.077502944 0.000483985 0.996991932 26.443374634
0.998479724 0.018432362 -0.051946647 -11.766829491 -0.018456763 0.999829710 0.000010056 0.333049506 0.051937997 0.000948726 0.998649836 26.869142532
0.999460697 0.019240586 -0.026610741 -11.766756058 -0.019251872 0.999814630 -0.000167991 0.339088619 0.026602574 0.000680207 0.999645829 27.295839310
0.999803066 0.019808255 -0.001214707 -11.754667282 -0.019808399 0.999803782 -0.000108940 0.340835601 0.001212314 0.000132980 0.999999285 27.734800339
0.999465168 0.021124238 0.024963653 -11.733967781 -0.021159133 0.999775589 0.001134494 0.346569210 -0.024934087 -0.001662097 0.999687731 28.170587540
0.998478711 0.023077639 0.050079085 -11.701277733 -0.023252416 0.999725342 0.002910132 0.346268892 -0.049998172 -0.004070164 0.998741090 28.621015549
0.996896207 0.025081115 0.074624844 -11.662329674 -0.025491513 0.999664664 0.004551917 0.349556029 -0.074485652 -0.006440089 0.997201264 29.080957413
0.994791985 0.026148176 0.098514929 -11.609408379 -0.026789119 0.999627531 0.005188652 0.352273166 -0.098342560 -0.007800758 0.995122075 29.548955917
0.992103696 0.027680270 0.122327857 -11.543491364 -0.028424196 0.999586523 0.004340197 0.356193960 -0.122157142 -0.007782996 0.992480397 30.012397766
0.988761008 0.028139284 0.146833241 -11.468519211 -0.028915618 0.999576807 0.003154961 0.358615875 -0.146682322 -0.007365277 0.989156306 30.494770050
0.984881103 0.029070364 0.170774862 -11.372383118 -0.029943872 0.999548316 0.002540899 0.364161253 -0.170623839 -0.007616144 0.985306919 30.967878342
0.980566442 0.029945657 0.193888396 -11.264884949 -0.030899838 0.999520659 0.001898216 0.368256807 -0.193738610 -0.007852448 0.981021762 31.453365326
0.975842297 0.030906737 0.216278955 -11.153205872 -0.031851508 0.999492168 0.000883142 0.374257714 -0.216141850 -0.007750617 0.976331174 31.949625015
0.970879912 0.031108232 0.237538502 -11.017358780 -0.032283567 0.999478161 0.001058621 0.377889007 -0.237381622 -0.008696383 0.971377552 32.442638397
0.965352178 0.031262565 0.259071112 -10.876367569 -0.032886177 0.999457240 0.001934395 0.383168101 -0.258870035 -0.010387232 0.965856314 32.942752838
0.959481716 0.031326413 0.280024111 -10.721962929 -0.033623818 0.999428809 0.003403000 0.382670492 -0.279757529 -0.012680597 0.959986925 33.442207336
0.953164518 0.030609746 0.300899446 -10.559143066 -0.033354431 0.999435604 0.003987365 0.388778061 -0.300607562 -0.013836945 0.953647554 33.949626923
0.946720421 0.029854231 0.320669740 -10.385436058 -0.032993693 0.999446034 0.004359992 0.393633068 -0.320361942 -0.014707776 0.947180986 34.454044342
0.940351188 0.029586768 0.338916302 -10.202137947 -0.032734092 0.999457657 0.003572629 0.396810770 -0.338626832 -0.014453646 0.940809727 34.952293396
0.933979392 0.028886849 0.356157333 -10.006546021 -0.032065388 0.999481201 0.003022673 0.397130787 -0.355885267 -0.014243439 0.934421122 35.446327209
0.927298546 0.029567396 0.373152912 -9.809334755 -0.032575309 0.999467731 0.001756336 0.398941308 -0.372902423 -0.013784220 0.927768171 35.935066223
0.920253932 0.030474583 0.390133262 -9.593198776 -0.033297013 0.999445319 0.000471698 0.393845618 -0.389902532 -0.013424354 0.920758307 36.422729492
0.912958086 0.030661913 0.406899542 -9.374283791 -0.033292666 0.999445438 -0.000614652 0.391659796 -0.406692743 -0.012985619 0.913472772 36.904273987
0.905544698 0.029569317 0.423219055 -9.130640984 -0.031970683 0.999487817 -0.001425467 0.392145276 -0.423044443 -0.012239781 0.906026244 37.386184692
0.897692502 0.028984880 0.439668149 -8.897218704 -0.031336013 0.999507070 -0.001911646 0.396164358 -0.439506829 -0.012061379 0.898158252 37.845455170
0.889290929 0.029484583 0.456390589 -8.655389786 -0.032208785 0.999479532 -0.001810425 0.390382618 -0.456206411 -0.013089789 0.889777720 38.320045471
0.880901694 0.029506853 0.472378731 -8.392576218 -0.032505609 0.999469817 -0.001814155 0.393267006 -0.472181886 -0.013756867 0.881393731 38.788204193
0.871920049 0.027906518 0.488852412 -8.132510185 -0.030899340 0.999520600 -0.001946153 0.393157065 -0.488672346 -0.013408329 0.872364342 39.247543335
0.862897873 0.024410911 0.504788458 -7.852687836 -0.027095739 0.999630809 -0.002022711 0.395620644 -0.504651427 -0.011932223 0.863240719 39.700279236
0.853702009 0.018670769 0.520427167 -7.563853264 -0.021372193 0.999771237 -0.000808984 0.386883765 -0.520323217 -0.010432038 0.853905678 40.153053284
0.844857037 0.014241539 0.534802437 -7.265411377 -0.016487436 0.999863923 -0.000579791 0.393463343 -0.534737885 -0.008327680 0.844976902 40.594924927
0.836683214 0.008062971 0.547627687 -6.961786270 -0.010261568 0.999946892 0.000955285 0.384449899 -0.547590792 -0.006418789 0.836721599 41.033664703
0.830323875 0.002274421 0.557276547 -6.647338867 -0.003360983 0.999993980 0.000926464 0.389116168 -0.557271063 -0.002642262 0.830326438 41.476680756
0.825549960 -0.002990577 0.564320982 -6.343305588 0.003394230 0.999994159 0.000333946 0.388858765 -0.564318776 0.001639746 0.825555444 41.916564941
0.822168171 -0.007198321 0.569199026 -6.029602051 0.009361944 0.999955714 -0.000876830 0.390250087 -0.569167554 0.006049712 0.822199345 42.367107391
0.820506990 -0.010594879 0.571538210 -5.709133148 0.014543568 0.999891460 -0.002343448 0.396427572 -0.571451426 0.010235021 0.820572138 42.814331055
0.820531905 -0.014152574 0.571425557 -5.399217606 0.019327234 0.999808729 -0.002990313 0.392730057 -0.571273923 0.013497721 0.820648491 43.252994537
0.821918964 -0.018409906 0.569306850 -5.077619553 0.024276650 0.999701560 -0.002720903 0.389114261 -0.569086850 0.016057225 0.822120607 43.712379456
0.825146317 -0.019859307 0.564569831 -4.760723114 0.024493890 0.999699771 -0.000633577 0.397509813 -0.564387798 0.014351305 0.825385034 44.175079346
0.829876721 -0.022882985 0.557477415 -4.449108124 0.025159396 0.999677062 0.003581125 0.401741028 -0.557379365 0.011053903 0.830184340 44.651298523
0.834806085 -0.027526410 0.549855471 -4.157968521 0.027781444 0.999583125 0.007861727 0.402068704 -0.549842715 0.008712763 0.835222781 45.129959106
0.842067778 -0.033109080 0.538354397 -3.832061768 0.032130681 0.999420762 0.011207656 0.406167567 -0.538413763 0.007860087 0.842644036 45.609573364
0.849964976 -0.033016287 0.525803685 -3.531049728 0.031052470 0.999438822 0.012560288 0.410709053 -0.525923371 0.005651696 0.850513220 46.103416443
0.857236445 -0.031204281 0.513976574 -3.254621506 0.029323857 0.999500632 0.011773329 0.424151570 -0.514087260 0.004979249 0.857723415 46.600959778
0.865042627 -0.028344613 0.500896931 -2.969139099 0.026832722 0.999587595 0.010224605 0.434577078 -0.500980258 0.004595708 0.865446508 47.101440430
0.872543812 -0.029223515 0.487661004 -2.690578461 0.028615473 0.999552786 0.008699041 0.441455334 -0.487697065 0.006364357 0.872989714 47.610527039
0.879635274 -0.028762130 0.474778384 -2.412221909 0.028696984 0.999560952 0.007385805 0.443815768 -0.474782288 0.007127892 0.880074441 48.134273529
0.886433959 -0.025901435 0.462129861 -2.153488159 0.025981210 0.999643266 0.006192137 0.453496665 -0.462125331 0.006517772 0.886790574 48.653591156
0.892805457 -0.022811458 0.449864477 -1.911973953 0.022740571 0.999725938 0.005562352 0.457309723 -0.449868053 0.005264075 0.893079519 49.197570801
0.898675382 -0.022064723 0.438059062 -1.659790039 0.021274302 0.999751210 0.006712660 0.461685419 -0.438098103 0.003286899 0.898921192 49.742923737
0.904504538 -0.021818040 0.425905496 -1.406736374 0.020335544 0.999760985 0.008028156 0.470104754 -0.425978899 0.001399514 0.904732049 50.307579041
0.909981370 -0.021403262 0.414096326 -1.168798447 0.018492654 0.999768019 0.011036875 0.479694277 -0.414236516 -0.002385610 0.910166144 50.859748840
0.914896905 -0.021356678 0.403122246 -0.935340881 0.017337672 0.999756932 0.013616972 0.483172894 -0.403315097 -0.005468923 0.915044904 51.420524597
0.919184566 -0.018892720 0.393373430 -0.717868805 0.015410746 0.999809146 0.012008418 0.501503527 -0.393525243 -0.004975776 0.919300318 51.983207703
0.923410058 -0.017682638 0.383407325 -0.477699280 0.015064864 0.999838173 0.009829565 0.503140628 -0.383519173 -0.003300740 0.923527002 52.562622070
0.927055836 -0.015381543 0.374607712 -0.255706787 0.014034142 0.999881446 0.006324711 0.509798408 -0.374660611 -0.000606062 0.927161753 53.140647888
0.930030346 -0.013262857 0.367243618 -0.038938522 0.013127700 0.999909699 0.002865953 0.518064976 -0.367248505 0.002155641 0.930120349 53.709732056
0.932688594 -0.013607708 0.360425860 0.180036545 0.014032786 0.999900520 0.001437565 0.526992500 -0.360409588 0.003716978 0.932786763 54.292652130
