0.999999642 -0.000861008 -0.000181261 0.000297997 0.000860697 0.999998152 -0.001706602 0.003446136 0.000182730 0.001706445 0.999998510 0.684798121
0.999997258 0.002303508 -0.000048580 -0.003895839 -0.002303439 0.999996424 0.001377473 -0.002662680 0.000051752 -0.001377357 0.999998987 1.370064378
0.999994218 0.003380867 0.000227255 -0.007070584 -0.003381808 0.999985158 0.004278163 0.006829922 -0.000212788 -0.004278907 0.999990821 2.058571100
0.999994218 0.003379306 -0.000343151 -0.006346615 -0.003376874 0.999970734 0.006855928 0.009880668 0.000366309 -0.006854730 0.999976456 2.744388103
0.999995530 0.002861898 -0.000836059 -0.004021480 -0.002855184 0.999964535 0.007924256 0.016616579 0.000858708 -0.007921834 0.999968231 3.432296515
0.999998093 0.001651191 -0.001015768 -0.006132185 -0.001643839 0.999972761 0.007196212 0.022688197 0.001027622 -0.007194528 0.999973595 4.117702484
0.999995589 0.002763346 -0.001062845 -0.013464560 -0.002756941 0.999978244 0.005981023 0.027846469 0.001079350 -0.005978066 0.999981523 4.800765038
0.999994576 0.002710960 -0.001828663 -0.009249767 -0.002701469 0.999982893 0.005172770 0.032704338 0.001842654 -0.005167801 0.999984920 5.484495640
0.999991834 0.003990086 -0.000596948 -0.031421546 -0.003987144 0.999980271 0.004849381 0.036773242 0.000616285 -0.004846962 0.999988019 6.157772541
0.999985456 0.005275765 -0.001097497 -0.026597764 -0.005269139 0.999968350 0.005954811 0.037563697 0.001128878 -0.005948942 0.999981701 6.819725037
0.999990880 0.004217742 -0.000825248 -0.037685055 -0.004212399 0.999970794 0.006372851 0.051621761 0.000852103 -0.006369316 0.999979317 7.526175499
0.999976814 0.006717347 -0.001082300 -0.045838114 -0.006710640 0.999958932 0.006086258 0.051091913 0.001123139 -0.006078855 0.999980867 8.209527969
0.999990582 0.004025322 -0.001637661 -0.037512105 -0.004017171 0.999979615 0.004950159 0.063442104 0.001657554 -0.004943533 0.999986351 8.873505592
0.999989808 0.004255983 -0.001489058 -0.040671967 -0.004247984 0.999976695 0.005334307 0.078721285 0.001511726 -0.005327926 0.999984622 9.547893524
0.999984682 0.005197824 -0.001889089 -0.043617636 -0.005183687 0.999959111 0.007412838 0.063903607 0.001927542 -0.007402932 0.999970734 10.215147018
0.999991775 0.003478285 -0.002084375 -0.048629496 -0.003461813 0.999963164 0.007854924 0.071421258 0.002111619 -0.007847643 0.999966979 10.883419991
0.999996006 0.001841669 -0.002104358 -0.049026683 -0.001823820 0.999962568 0.008452642 0.071906120 0.002119847 -0.008448769 0.999962032 11.545206070
0.999993622 0.002865203 -0.002080860 -0.056328744 -0.002849473 0.999967694 0.007523725 0.079106346 0.002102350 -0.007517748 0.999969542 12.202331543
0.999989390 0.003818881 -0.002586007 -0.064896323 -0.003807068 0.999982357 0.004557758 0.081773087 0.002603367 -0.004547865 0.999986231 12.872856140
0.999993384 0.002532720 -0.002601417 -0.070399374 -0.002524583 0.999991953 0.003126712 0.082283631 0.002609315 -0.003120124 0.999991715 13.511097908
0.999985218 0.004894567 -0.002373035 -0.079425432 -0.004883184 0.999976635 0.004778870 0.091505468 0.002396370 -0.004767211 0.999985695 14.165989876
0.999970913 0.007213776 -0.002468767 -0.082417361 -0.007197949 0.999953866 0.006360921 0.095916070 0.002514539 -0.006342966 0.999976695 14.826214790
0.999954104 0.009329069 -0.002174214 -0.086563267 -0.009312779 0.999929368 0.007385118 0.098550998 0.002242957 -0.007364532 0.999970257 15.484583855
0.999933362 0.011201998 -0.002790323 -0.082946703 -0.011179694 0.999906421 0.007884804 0.107001215 0.002878387 -0.007853083 0.999965012 16.133476257
0.999900699 0.013892626 -0.002410182 -0.100547001 -0.013875002 0.999877930 0.007181046 0.108932234 0.002509651 -0.007146890 0.999971330 16.784221649
0.999858201 0.016505228 -0.003351280 -0.113621756 -0.016489798 0.999853432 0.004581168 0.117702514 0.003426402 -0.004525256 0.999983907 17.459083557
0.999815583 0.018752661 -0.004143314 -0.117499560 -0.018738352 0.999818444 0.003463828 0.122890234 0.004207518 -0.003385551 0.999985397 18.116203308
0.999741673 0.022144616 -0.005120851 -0.112345189 -0.022115188 0.999738932 0.005732998 0.125568882 0.005246470 -0.005618269 0.999970376 18.758600235
0.999706566 0.023692474 -0.005047785 -0.131069094 -0.023654753 0.999692738 0.007405545 0.133604616 0.005221688 -0.007283968 0.999959767 19.419582367
0.999659061 0.025373092 -0.006166027 -0.135986909 -0.025326436 0.999650896 0.007530351 0.138826668 0.006354942 -0.007371621 0.999952614 20.072978973
0.999655485 0.025325170 -0.006898716 -0.144999653 -0.025282431 0.999661028 0.006212844 0.150830626 0.007053718 -0.006036288 0.999956906 20.742757797
0.999654770 0.024948237 -0.008242292 -0.150898710 -0.024900021 0.999672532 0.005901705 0.159847707 0.008386830 -0.005694434 0.999948621 21.409648895
0.999642730 0.025220519 -0.008848212 -0.162612498 -0.025158575 0.999658763 0.007042789 0.163044214 0.009022813 -0.006817665 0.999936044 22.077775955
0.999633670 0.025362527 -0.009446559 -0.175329864 -0.025299473 0.999657273 0.006735526 0.174272493 0.009614150 -0.006494065 0.999932706 22.749837875
0.999625564 0.025661243 -0.009493214 -0.182033852 -0.025594277 0.999647141 0.007109280 0.177295387 0.009672296 -0.006863646 0.999929667 23.415285110
0.999600887 0.026961071 -0.008438280 -0.189322054 -0.026892923 0.999605596 0.008088271 0.184181839 0.008653020 -0.007858112 0.999931693 24.089778900
0.999600232 0.027529554 -0.006443238 -0.199820623 -0.027470920 0.999581933 0.009018417 0.197293758 0.006688819 -0.008837812 0.999938548 24.766052246
0.999600232 0.027971547 -0.004106094 -0.206824541 -0.027933376 0.999568582 0.009077325 0.204837680 0.004358230 -0.008959001 0.999950349 25.450376511
0.999608755 0.027897565 -0.002029847 -0.206997961 -0.027880052 0.999577701 0.008195974 0.209505424 0.002257637 -0.008136175 0.999964356 26.125516891
0.999665499 0.025864664 0.000319761 -0.205457836 -0.025866346 0.999636948 0.007537790 0.218567058 -0.000124682 -0.007543539 0.999971569 26.811311722
0.999668360 0.025552457 0.003195196 -0.213127792 -0.025576800 0.999642253 0.007825370 0.227340683 -0.002994095 -0.007904498 0.999964297 27.491752625
0.999719560 0.023090152 0.005264506 -0.214606851 -0.023133421 0.999697864 0.008312874 0.240114987 -0.005070969 -0.008432329 0.999951601 28.196895599
0.999710798 0.022672290 0.008020451 -0.210367054 -0.022740960 0.999704599 0.008576830 0.244559050 -0.007823626 -0.008756744 0.999931037 28.878934860
0.999671698 0.023710173 0.009716252 -0.200525850 -0.023780283 0.999691486 0.007164949 0.254271865 -0.009543370 -0.007393650 0.999927104 29.567588806
0.999720335 0.020449331 0.011874812 -0.198501110 -0.020527704 0.999768019 0.006516156 0.265119731 -0.011738804 -0.006758097 0.999908268 30.271751404
0.999704719 0.020618048 0.012861403 -0.189758927 -0.020709282 0.999761045 0.007001174 0.265821040 -0.012713980 -0.007265456 0.999892771 30.984338760
0.999741614 0.016957123 0.015136633 -0.183618695 -0.017076723 0.999823689 0.007807638 0.274676025 -0.015001569 -0.008064104 0.999854863 31.678653717
0.999750435 0.015063613 0.016497161 -0.183416426 -0.015177582 0.999861658 0.006805200 0.279074073 -0.016392369 -0.007053889 0.999840677 32.391342163
0.999765098 0.014399307 0.016200025 -0.165017545 -0.014437609 0.999893188 0.002249822 0.283888757 -0.016165899 -0.002483183 0.999866247 33.081054688
0.999771774 0.013262701 0.016752934 -0.153187990 -0.013253070 0.999911904 -0.000685777 0.286514968 -0.016760554 0.000463592 0.999859452 33.775726318
0.999711335 0.015671263 0.018212475 -0.149027288 -0.015677331 0.999877095 0.000190530 0.296746194 -0.018207254 -0.000475998 0.999834239 34.490322113
0.999675930 0.017488219 0.018506257 -0.133926511 -0.017551912 0.999840558 0.003284975 0.298381448 -0.018445862 -0.003608731 0.999823391 35.182136536
0.999684036 0.016185567 0.019238526 -0.128023565 -0.016265970 0.999859571 0.004030236 0.301880807 -0.019170595 -0.004341895 0.999806821 35.894393921
0.999702334 0.015048933 0.019206719 -0.116040051 -0.015122847 0.999878764 0.003708808 0.301948547 -0.019148579 -0.003998163 0.999808669 36.595802307
0.999741316 0.013143793 0.018562520 -0.100977242 -0.013210771 0.999906600 0.003490278 0.304587066 -0.018514916 -0.003734601 0.999821603 37.295829773
0.999774396 0.012088921 0.017466148 -0.093335927 -0.012168334 0.999916077 0.004447595 0.305496693 -0.017410919 -0.004659126 0.999837518 37.990299225
0.999812126 0.010482256 0.016311731 -0.080955446 -0.010560510 0.999933124 0.004718715 0.314650267 -0.016261179 -0.004890088 0.999855816 38.688396454
0.999809563 0.012581633 0.014918326 -0.079371750 -0.012650134 0.999909878 0.004506371 0.317047268 -0.014860285 -0.004694231 0.999878526 39.394149780
0.999823570 0.013038331 0.013521306 -0.074060917 -0.013091032 0.999907017 0.003816484 0.322288036 -0.013470288 -0.003992818 0.999901295 40.064777374
0.999805629 0.015696026 0.011928890 -0.071728706 -0.015759623 0.999861956 0.005256094 0.327445298 -0.011844743 -0.005443067 0.999915004 40.758579254
0.999789357 0.017569808 0.010605825 -0.071252882 -0.017648611 0.999817133 0.007382776 0.332772136 -0.010474171 -0.007568400 0.999916494 41.453063965
0.999745905 0.020680619 0.008974210 -0.078177571 -0.020746633 0.999757946 0.007325946 0.338872761 -0.008820534 -0.007510271 0.999932885 42.146762848
0.999707878 0.023292771 0.006446919 -0.068074077 -0.023326643 0.999714196 0.005230290 0.350836247 -0.006323248 -0.005379148 0.999965549 42.847751617
0.999665320 0.025391961 0.004950917 -0.068486601 -0.025408700 0.999671519 0.003347637 0.360987663 -0.004864288 -0.003472313 0.999982178 43.525020599
0.999639034 0.026715118 0.002821228 -0.075219549 -0.026722245 0.999639690 0.002519200 0.369632542 -0.002752911 -0.002593680 0.999992847 44.236415863
0.999581695 0.028891934 0.001236501 -0.088715948 -0.028893966 0.999581039 0.001660016 0.376136005 -0.001188022 -0.001695049 0.999997795 44.919006348
0.999580264 0.028965099 -0.000382129 -0.090602733 -0.028964866 0.999580264 0.000606409 0.381465971 0.000399533 -0.000595086 0.999999762 45.611682892
0.999539316 0.030323179 -0.001274204 -0.105633318 -0.030320685 0.999538422 0.001933961 0.386621863 0.001332259 -0.001894435 0.999997318 46.298358917
0.999544084 0.030025803 -0.003209153 -0.101539597 -0.030014079 0.999542832 0.003641838 0.387677133 0.003317036 -0.003543858 0.999988198 47.001911163
0.999545634 0.029712731 -0.005072547 -0.102141634 -0.029687541 0.999546885 0.004971120 0.391075909 0.005217954 -0.004818270 0.999974728 47.694759369
0.999520898 0.030372860 -0.005945479 -0.115476325 -0.030342812 0.999526620 0.005080176 0.399973631 0.006096964 -0.004897341 0.999969363 48.380016327
0.999513090 0.030278571 -0.007540622 -0.119589120 -0.030239863 0.999529123 0.005196130 0.405077845 0.007694403 -0.004965572 0.999958038 49.075962067
0.999518633 0.029766092 -0.008756562 -0.131934047 -0.029712409 0.999539256 0.006198114 0.413524985 0.008937023 -0.005934951 0.999942422 49.772571564
0.999532759 0.028841358 -0.010122668 -0.142017215 -0.028754249 0.999549091 0.008647892 0.420340240 0.010367519 -0.008352781 0.999911368 50.470172882
0.999558151 0.027290991 -0.011772241 -0.155824214 -0.027171146 0.999578536 0.010222604 0.427669436 0.012046263 -0.009898222 0.999878466 51.162673950
0.999581933 0.025457086 -0.013707381 -0.166197360 -0.025311150 0.999622166 0.010716577 0.438944399 0.013975016 -0.010365148 0.999848545 51.862037659
0.999554694 0.025632104 -0.015278398 -0.182678819 -0.025473114 0.999620259 0.010511431 0.445947886 0.015542027 -0.010117561 0.999827981 52.557941437
0.999521434 0.025802571 -0.017064052 -0.200472891 -0.025647741 0.999628425 0.009230938 0.453962356 0.017295893 -0.008788865 0.999811769 53.256153107
0.999472678 0.026011527 -0.019443464 -0.208256125 -0.025842922 0.999626637 0.008873101 0.460011721 0.019667011 -0.008365947 0.999771476 53.956031799
0.999420941 0.026920313 -0.020809215 -0.229430735 -0.026731247 0.999599278 0.009311084 0.472284049 0.021051530 -0.008749436 0.999740124 54.662651062
0.999360323 0.028975077 -0.020961523 -0.254613340 -0.028795239 0.999546289 0.008831016 0.477487147 0.021207891 -0.008221775 0.999741316 55.364749908
0.999396980 0.026859246 -0.022003857 -0.266932368 -0.026682014 0.999609590 0.008308751 0.487467468 0.022218432 -0.007716634 0.999723375 56.058471680
0.999431729 0.025897244 -0.021577021 -0.290602922 -0.025703270 0.999627173 0.009219320 0.493775725 0.021807730 -0.008659481 0.999724686 56.767768860
0.999503016 0.022565721 -0.022011846 -0.298160255 -0.022351677 0.999701023 0.009922252 0.507423103 0.022229165 -0.009425319 0.999708474 57.457771301
0.999555409 0.020658370 -0.021505833 -0.315449655 -0.020451667 0.999742866 0.009787508 0.514590204 0.021702496 -0.009343326 0.999720812 58.149322510
0.999633491 0.018441388 -0.019821543 -0.334918439 -0.018244267 0.999782681 0.010080017 0.517762065 0.020003127 -0.009714692 0.999752760 58.848991394
0.999692798 0.017124917 -0.017913606 -0.350696981 -0.016934708 0.999799132 0.010716560 0.530251503 0.018093528 -0.010409908 0.999782085 59.545814514
0.999739289 0.017032659 -0.015209517 -0.371619701 -0.016879488 0.999806106 0.010143129 0.535635471 0.015379338 -0.009883758 0.999832869 60.244319916
0.999791086 0.015537880 -0.013280267 -0.375494123 -0.015430732 0.999847829 0.008133110 0.542427242 0.013404620 -0.007926485 0.999878764 60.922924042
0.999823272 0.015581688 -0.010513586 -0.391313851 -0.015516886 0.999860227 0.006217602 0.543427467 0.010608997 -0.006053364 0.999925435 61.607387543
0.999834895 0.016138297 -0.008352404 -0.394738853 -0.016113644 0.999865651 0.003010388 0.549421012 0.008399864 -0.002875303 0.999960601 62.277854919
0.999859691 0.016050581 -0.004792126 -0.417447865 -0.016046079 0.999870777 0.000977045 0.569511890 0.004807189 -0.000900012 0.999988139 62.975173950
0.999869227 0.015853927 -0.003195008 -0.414707661 -0.015844584 0.999870181 0.002928566 0.568033814 0.003241023 -0.002877560 0.999990582 63.642391205
0.999856412 0.016940020 -0.000610350 -0.427010715 -0.016935952 0.999837697 0.006146404 0.566671133 0.000714371 -0.006135183 0.999980867 64.322280884
0.999861062 0.016667837 0.000097587 -0.421858937 -0.016668119 0.999845207 0.005629590 0.579550564 -0.000003739 -0.005630434 0.999984145 64.995491028
0.999876201 0.015697142 0.001049414 -0.420566440 -0.015702587 0.999862075 0.005401046 0.577252626 -0.000964488 -0.005416856 0.999984860 65.671592712
0.999887347 0.014958141 0.001140687 -0.424281210 -0.014963395 0.999876738 0.004744178 0.583904922 -0.001069582 -0.004760713 0.999988079 66.350547791
0.999890327 0.014801497 -0.000087949 -0.420445889 -0.014800929 0.999879599 0.004654319 0.593724132 0.000156829 -0.004652508 0.999989152 67.016052246
0.999891162 0.014746306 -0.000202255 -0.428051442 -0.014745113 0.999878705 0.005001286 0.598855495 0.000275981 -0.004997758 0.999987483 67.709602356
0.999853969 0.017082777 -0.000369413 -0.442351192 -0.017080436 0.999838352 0.005615596 0.599151731 0.000465283 -0.005608467 0.999984205 68.387680054
0.999838710 0.017854070 -0.001921567 -0.437188804 -0.017845564 0.999831259 0.004357927 0.614477575 0.001999049 -0.004322932 0.999988675 69.063362122
0.999760509 0.021744646 -0.002472582 -0.448380858 -0.021734990 0.999756336 0.003868276 0.622176528 0.002556094 -0.003813608 0.999989510 69.737846375
0.999730825 0.022973565 -0.003231738 -0.453423679 -0.022959944 0.999727607 0.004191030 0.622036695 0.003327141 -0.004115700 0.999985993 70.424888611
0.999677956 0.025069414 -0.003928087 -0.461210579 -0.025053797 0.999678135 0.003976421 0.627637267 0.004026509 -0.003876727 0.999984324 71.099235535
0.999621272 0.027163357 -0.004397411 -0.469488889 -0.027142107 0.999619961 0.004822009 0.632988572 0.004526721 -0.004700829 0.999978721 71.787361145
0.999524295 0.030561704 -0.004125219 -0.484024286 -0.030536290 0.999515116 0.006088678 0.633393407 0.004309299 -0.005959813 0.999972999 72.465034485
0.999490798 0.031615216 -0.004320508 -0.491346419 -0.031590857 0.999485195 0.005595274 0.636317194 0.004495180 -0.005455937 0.999974966 73.146965027
0.999395549 0.034373887 -0.005198061 -0.494302899 -0.034350533 0.999399602 0.004516875 0.642607570 0.005350202 -0.004335589 0.999976277 73.823120117
0.999326408 0.036326800 -0.005192782 -0.501467943 -0.036312036 0.999336243 0.002907502 0.649882197 0.005294956 -0.002716983 0.999982297 74.490539551
0.999300718 0.036957454 -0.005680912 -0.503124714 -0.036948662 0.999315798 0.001645059 0.656323791 0.005737822 -0.001434007 0.999982536 75.163742065
0.999274671 0.037732139 -0.005122504 -0.519761205 -0.037714899 0.999282777 0.003419913 0.649763107 0.005247870 -0.003224239 0.999981046 75.834167480
0.999224067 0.039053608 -0.005104224 -0.528138876 -0.039028522 0.999225855 0.004925432 0.654542506 0.005292628 -0.004722400 0.999974847 76.506980896
0.999187887 0.040047590 -0.004430173 -0.535686851 -0.040022332 0.999182820 0.005650593 0.660980105 0.004652846 -0.005468700 0.999974251 77.168449402
0.999110043 0.041916028 -0.004685828 -0.539169788 -0.041889992 0.999106944 0.005522504 0.656880677 0.004913126 -0.005321302 0.999973774 77.832130432
0.999041259 0.043593969 -0.004019348 -0.544572055 -0.043575309 0.999039471 0.004618603 0.663128376 0.004216830 -0.004439031 0.999981284 78.490516663
0.999041855 0.043604754 -0.003739099 -0.548454762 -0.043583654 0.999034286 0.005549615 0.666175008 0.003977478 -0.005381333 0.999977529 79.149444580
0.999043822 0.043534376 -0.003988062 -0.548445225 -0.043507110 0.999030769 0.006685715 0.670444012 0.004275255 -0.006505815 0.999969721 79.806350708
0.999105871 0.042229839 -0.002006368 -0.561942577 -0.042208407 0.999061465 0.009738307 0.672222316 0.002415732 -0.009644915 0.999950528 80.472320557
0.999198258 0.039996583 -0.001762425 -0.562867880 -0.039973162 0.999131560 0.011762789 0.680388331 0.002231366 -0.011682911 0.999929249 81.130584717
0.999268532 0.038218401 -0.001261654 -0.567090213 -0.038202472 0.999210954 0.010866812 0.689725280 0.001675971 -0.010810668 0.999940097 81.780097961
0.999322891 0.036788430 -0.000606745 -0.575585783 -0.036781959 0.999287307 0.008490149 0.698148012 0.000918652 -0.008462084 0.999963760 82.436042786
0.999342859 0.036242682 -0.000560477 -0.579204679 -0.036235075 0.999291003 0.010217813 0.692186296 0.000930401 -0.010190790 0.999947608 83.087059021
0.999385715 0.035025116 0.001123633 -0.587711930 -0.035035297 0.999326646 0.010901175 0.704795837 -0.000741062 -0.010933846 0.999939978 83.731536865
0.999403417 0.034530163 0.000553197 -0.582815826 -0.034534477 0.999312401 0.013496007 0.710032105 -0.000086797 -0.013507063 0.999908745 84.383140564
0.999477804 0.032276928 -0.001563448 -0.567844987 -0.032253761 0.999394059 0.013087281 0.718834162 0.001984918 -0.013030020 0.999913156 85.020301819
0.999489009 0.031958941 0.000476721 -0.588566184 -0.031962432 0.999404550 0.012998859 0.727127016 -0.000061008 -0.013007455 0.999915421 85.656997681
0.999485552 0.032071542 0.000003896 -0.585610867 -0.032068580 0.999391854 0.013694680 0.735323668 0.000435315 -0.013687761 0.999906182 86.290061951
0.999500453 0.031595584 0.000787817 -0.593850613 -0.031603768 0.999391973 0.014735863 0.745176435 -0.000321750 -0.014753398 0.999891102 86.922653198
0.999502301 0.031510327 0.001481518 -0.597045600 -0.031530283 0.999370337 0.016271729 0.754838407 -0.000967858 -0.016310344 0.999866486 87.549766541
0.999557555 0.029737934 0.000657535 -0.591283262 -0.029744443 0.999445558 0.014963473 0.773355305 -0.000212188 -0.014976415 0.999887764 88.181434631
0.999629796 0.027072804 0.002711159 -0.601169050 -0.027112175 0.999508739 0.015723413 0.770941198 -0.002284150 -0.015791096 0.999872625 88.787384033
0.999703407 0.024130467 0.003296883 -0.599260926 -0.024170596 0.999626756 0.012728152 0.778835773 -0.002988517 -0.012804064 0.999913514 89.407844543
0.999733627 0.022680881 0.004262791 -0.604602933 -0.022719385 0.999699473 0.009212129 0.789011121 -0.004052571 -0.009306524 0.999948442 90.023178101
0.999815583 0.018778490 0.004016933 -0.593945861 -0.018800385 0.999808192 0.005484198 0.796385825 -0.003913178 -0.005558706 0.999976873 90.626373291
0.999815464 0.018839974 0.003790024 -0.591141343 -0.018852383 0.999816954 0.003265939 0.800622225 -0.003727801 -0.003336787 0.999987423 91.238052368
0.999812782 0.018723276 0.004876615 -0.592111647 -0.018732961 0.999822676 0.001948702 0.807337403 -0.004839263 -0.002039691 0.999986172 91.852775574
0.999772191 0.020695643 0.005248819 -0.590892792 -0.020718370 0.999776185 0.004312167 0.808057070 -0.005158400 -0.004419932 0.999976933 92.455078125
0.999731004 0.022244254 0.006576573 -0.591398299 -0.022288531 0.999728858 0.006737695 0.814821959 -0.006424915 -0.006882465 0.999955654 93.061828613
0.999638438 0.025828568 0.007477030 -0.587877333 -0.025891939 0.999628484 0.008506325 0.814150572 -0.007254545 -0.008696846 0.999935865 93.660980225
0.999590278 0.026941488 0.009663795 -0.590994239 -0.027013069 0.999608040 0.007354664 0.817061365 -0.009461862 -0.007612699 0.999926269 94.253982544
0.999535203 0.028373426 0.011151209 -0.585957408 -0.028438054 0.999579430 0.005680199 0.818883121 -0.010985354 -0.005994677 0.999921679 94.848274231
0.999480903 0.029392336 0.013187874 -0.582601190 -0.029439319 0.999560773 0.003382416 0.825099707 -0.013082666 -0.003768903 0.999907315 95.423866272
0.999425054 0.030295739 0.015223602 -0.578355551 -0.030343944 0.999535203 0.002945419 0.822296500 -0.015127292 -0.003405669 0.999879777 95.994720459
0.999375463 0.031019824 0.016923286 -0.570441961 -0.031086024 0.999510109 0.003662997 0.821571231 -0.016801367 -0.004186788 0.999850035 96.560112000
0.999382854 0.029586382 0.018935913 -0.561929226 -0.029702993 0.999541283 0.005906684 0.823671401 -0.018752469 -0.006465491 0.999803364 97.121833801
0.999383271 0.028386980 0.020671254 -0.550614119 -0.028570620 0.999554455 0.008643484 0.824434400 -0.020416681 -0.009228744 0.999748945 97.672653198
0.999336481 0.027993262 0.023299996 -0.543831587 -0.028253976 0.999540925 0.010936374 0.825518310 -0.022983154 -0.011587435 0.999668717 98.215461731
0.999303639 0.027433859 0.025290379 -0.533081293 -0.027728444 0.999550760 0.011371756 0.827623367 -0.024967046 -0.012065098 0.999615431 98.753021240
0.999257505 0.027399434 0.027085045 -0.522947073 -0.027679175 0.999566734 0.010007745 0.836428046 -0.026799105 -0.010750006 0.999582946 99.282135010
0.999185443 0.028151557 0.028910324 -0.512840271 -0.028419383 0.999556541 0.008895295 0.837153256 -0.028647086 -0.009709663 0.999542415 99.800201416
0.999152124 0.027958469 0.030219493 -0.497993946 -0.028195189 0.999574780 0.007435894 0.840807796 -0.029998744 -0.008281633 0.999515593 100.303848267
0.999095380 0.028401382 0.031651661 -0.484545469 -0.028628632 0.999567330 0.006749748 0.844027638 -0.031446263 -0.007649785 0.999476194 100.802581787
0.999033213 0.029027598 0.033016458 -0.468472004 -0.029276771 0.999546230 0.007088576 0.842388868 -0.032795720 -0.008048339 0.999429643 101.285095215
0.999041557 0.027664155 0.033921253 -0.452795744 -0.027960539 0.999574721 0.008294343 0.849653602 -0.033677369 -0.009234851 0.999390066 101.760101318
0.999051273 0.025950044 0.034972705 -0.438469172 -0.026287865 0.999611735 0.009234553 0.850346506 -0.034719493 -0.010145150 0.999345541 102.242630005
0.999033570 0.025582921 0.035740063 -0.421526194 -0.025941804 0.999617159 0.009614141 0.851980567 -0.035480428 -0.010532013 0.999314904 102.709068298
0.998969376 0.026435258 0.036896888 -0.406718969 -0.026721826 0.999616265 0.007295358 0.855380297 -0.036689874 -0.008273791 0.999292433 103.139587402
0.998955309 0.026431693 0.037278838 -0.391611576 -0.026670529 0.999626756 0.005924102 0.858160973 -0.037108336 -0.006912161 0.999287307 103.591011047
0.998965859 0.024114626 0.038547285 -0.376739979 -0.024306258 0.999694407 0.004510443 0.856893539 -0.038426735 -0.005442718 0.999246716 103.978919983
0.998947620 0.023959644 0.039109543 -0.358551025 -0.024180058 0.999694347 0.005172657 0.859641910 -0.038973652 -0.006112885 0.999221563 104.398574829
0.998838007 0.025159776 0.041106392 -0.349381447 -0.025425443 0.999659121 0.005952857 0.856138170 -0.040942602 -0.006991088 0.999136984 104.777809143
0.998797476 0.025406035 0.041927740 -0.322494984 -0.025716487 0.999645650 0.006881868 0.858639419 -0.041738033 -0.007951828 0.999096930 105.174980164
0.998711586 0.024825901 0.044261713 -0.317362309 -0.025184492 0.999654233 0.007562368 0.855037212 -0.044058669 -0.008667334 0.998991370 105.541999817
0.998601675 0.025463557 0.046327975 -0.297294140 -0.025787225 0.999646902 0.006402139 0.852339029 -0.046148594 -0.007587858 0.998905838 105.896659851
0.998434424 0.026127947 0.049456317 -0.284173489 -0.026372144 0.999643028 0.004291536 0.849928498 -0.049326535 -0.005589087 0.998767078 106.252716064
0.998331070 0.024551785 0.052270491 -0.270914555 -0.024709048 0.999691844 0.002364460 0.857310772 -0.052196339 -0.003652069 0.998630226 106.584815979
0.998235047 0.023574725 0.054506235 -0.237435341 -0.023734448 0.999715626 0.002284842 0.861577928 -0.054436874 -0.003574485 0.998510838 106.931411743
0.998042941 0.023359584 0.058007389 -0.219823837 -0.023577042 0.999717295 0.003067066 0.856640697 -0.057919346 -0.004428705 0.998311579 107.248481750
0.997798204 0.025196837 0.061349470 -0.203872204 -0.025441030 0.999671161 0.003202348 0.854550183 -0.061248608 -0.004756092 0.998111248 107.548706055
0.997601926 0.025647031 0.064285628 -0.185563564 -0.025936740 0.999656796 0.003675978 0.851183057 -0.064169295 -0.005334523 0.997924864 107.852310181
0.997442186 0.025123531 0.066917934 -0.162126064 -0.025496973 0.999663651 0.004732195 0.853621364 -0.066776544 -0.006426296 0.997747302 108.141540527
0.997251809 0.024840115 0.069797568 -0.146256447 -0.025272671 0.999666512 0.005320991 0.848972321 -0.069642112 -0.007070340 0.997547030 108.430137634
0.997076273 0.023263967 0.072784267 -0.122622490 -0.023695763 0.999706328 0.005074658 0.856510282 -0.072644837 -0.006784502 0.997334719 108.704856873
0.996933103 0.022607816 0.074921988 -0.103440285 -0.023146227 0.999712110 0.006325676 0.853502333 -0.074757420 -0.008040437 0.997169316 108.969085693
0.996781468 0.024730319 0.076257691 -0.087634087 -0.025250509 0.999663889 0.005864690 0.857188880 -0.076087035 -0.007771358 0.997070849 109.226432800
0.996630549 0.027206562 0.077377580 -0.073853493 -0.027602896 0.999610722 0.004056944 0.859873295 -0.077237092 -0.006179119 0.996993542 109.480323792
0.996616542 0.028039623 0.077261053 -0.056660652 -0.028378591 0.999591768 0.003292660 0.864533663 -0.077137195 -0.005474078 0.997005522 109.720840454
0.996665657 0.029060591 0.076243296 -0.035182953 -0.029458459 0.999557614 0.004098735 0.861525416 -0.076090433 -0.006331077 0.997080803 109.943801880
0.996868253 0.028772747 0.073660389 -0.014656067 -0.029177839 0.999564409 0.004429020 0.860534787 -0.073500849 -0.006564400 0.997273445 110.159996033
0.997028351 0.029998930 0.070954993 -0.006004333 -0.030365560 0.999530494 0.004093834 0.861438394 -0.070798859 -0.006236256 0.997471094 110.361053467
0.997246563 0.031520419 0.067124531 0.008760929 -0.031853568 0.999484956 0.003898447 0.865197897 -0.066967063 -0.006025869 0.997736990 110.566078186
0.997436106 0.033646457 0.063159734 0.003160477 -0.034077946 0.999402523 0.005766595 0.868348777 -0.062927984 -0.007904163 0.997986734 110.746383667
0.997666657 0.036618587 0.057620969 0.004265785 -0.037119638 0.999281526 0.007649302 0.867053688 -0.057299454 -0.009770323 0.998309374 110.922653198
0.998005986 0.037592962 0.050702497 0.013141155 -0.038085453 0.999235868 0.008782052 0.865123332 -0.050333612 -0.010695568 0.998675287 111.079132080
0.998326659 0.039079621 0.042620990 0.014375687 -0.039496079 0.999179363 0.008972968 0.869987130 -0.042235352 -0.010641316 0.999051094 111.234771729
0.998620987 0.040200185 0.033761658 0.013509274 -0.040544290 0.999131858 0.009570003 0.866793334 -0.033347636 -0.010925649 0.999384105 111.366127014
0.998835206 0.041647796 0.024363898 0.009197712 -0.041893158 0.999075532 0.009648847 0.868093848 -0.023939518 -0.010658288 0.999656618 111.491477966
0.998961151 0.043154433 0.014639521 0.002624631 -0.043303341 0.999011815 0.010011923 0.870408833 -0.014192997 -0.010635463 0.999842703 111.608451843
0.999004185 0.044331327 0.005036099 -0.002881527 -0.044382513 0.998958886 0.010552956 0.870891571 -0.004563028 -0.010765961 0.999931633 111.720550537
0.998955071 0.045503464 -0.004252713 -0.011500269 -0.045454964 0.998907208 0.010877021 0.875324607 0.004743010 -0.010672350 0.999931753 111.811668396
0.998787582 0.047216095 -0.013929745 -0.017402887 -0.047050986 0.998821080 0.011951702 0.873282075 0.014477637 -0.011281803 0.999831557 111.906448364
0.998534858 0.048304889 -0.024390576 -0.025961637 -0.048036043 0.998779476 0.011491348 0.875051975 0.024915900 -0.010302887 0.999636471 111.982398987
0.998118997 0.049762659 -0.035809539 -0.037958145 -0.049429756 0.998726308 0.010122817 0.875128865 0.036267664 -0.008333720 0.999307394 112.062568665
0.997580945 0.050349481 -0.047931410 -0.045363426 -0.049943984 0.998705685 0.009621139 0.877370358 0.048353795 -0.007203982 0.998804331 112.145332336
0.996833801 0.050870314 -0.061113134 -0.059871197 -0.050295442 0.998674750 0.010909414 0.877195954 0.061587110 -0.007801160 0.998071194 112.227798462
0.995906830 0.051463302 -0.074303836 -0.070903778 -0.050661292 0.998635888 0.012639612 0.878219962 0.074852958 -0.008823548 0.997155547 112.309104919
0.994798243 0.052573342 -0.087249458 -0.090076447 -0.051537439 0.998571694 0.014084926 0.880436361 0.087865345 -0.009515043 0.996086955 112.389976501
0.993397593 0.053483952 -0.101492599 -0.103632927 -0.052174449 0.998517394 0.015515323 0.880227804 0.102171957 -0.010117561 0.994715333 112.473846436
0.991778910 0.054129485 -0.115951061 -0.119495392 -0.052534416 0.998478293 0.016770793 0.882733703 0.116682410 -0.010541497 0.993113339 112.544754028
0.989955008 0.054028004 -0.130652294 -0.140240669 -0.052216314 0.998486698 0.017255269 0.887164712 0.131386861 -0.010259758 0.991278112 112.623550415
0.987630367 0.054076467 -0.147180349 -0.159282684 -0.052120246 0.998494208 0.017118448 0.888577461 0.147884429 -0.009235623 0.988961518 112.700637817
0.984769940 0.053194836 -0.165525034 -0.184598923 -0.051233016 0.998556852 0.016102346 0.893112898 0.166142747 -0.007376759 0.986074150 112.790924072
0.981214941 0.052522101 -0.185630500 -0.210306168 -0.050603729 0.998605192 0.015060589 0.892759860 0.186162606 -0.005384079 0.982504189 112.884346008
0.976693988 0.051572252 -0.208348423 -0.241157532 -0.049533278 0.998659849 0.014995470 0.895895958 0.208842546 -0.004325806 0.977939785 112.989349365
0.971181154 0.051381011 -0.232738629 -0.283945084 -0.048970796 0.998669982 0.016126035 0.899375319 0.233257622 -0.004263903 0.972405672 113.103157043
0.964232862 0.050965682 -0.260110468 -0.326360703 -0.048010487 0.998689890 0.017706407 0.905939341 0.260672122 -0.004585070 0.965416551 113.224311829
0.955904007 0.051931273 -0.289051205 -0.386722565 -0.048367031 0.998639941 0.019465061 0.910405636 0.289668888 -0.004626181 0.957115710 113.354301453
0.945817471 0.051827956 -0.320535839 -0.448963165 -0.047285661 0.998640358 0.021944134 0.914109826 0.321237355 -0.005598393 0.946982205 113.488052368
0.934055030 0.051362909 -0.353416473 -0.522819519 -0.045659304 0.998657465 0.024463072 0.920312881 0.354198515 -0.006713104 0.935146272 113.635253906
0.920462728 0.050418757 -0.387564540 -0.605422974 -0.043349229 0.998695970 0.026967525 0.929387450 0.388418823 -0.008021981 0.921448052 113.783836365
0.904836416 0.049293958 -0.422895998 -0.694610596 -0.040637493 0.998739302 0.029467132 0.936823606 0.423815429 -0.009477502 0.905699015 113.929908752
0.886471033 0.049134035 -0.460168362 -0.784244537 -0.039020024 0.998742700 0.031471390 0.941617966 0.461136132 -0.009942697 0.887273729 114.079978943
0.866123080 0.050056621 -0.497318029 -0.899166107 -0.038026500 0.998688102 0.034294620 0.951328754 0.498382300 -0.010792097 0.866890252 114.237915039
0.843261302 0.050378881 -0.535137653 -1.018810272 -0.036075789 0.998657763 0.037167881 0.961221695 0.536291778 -0.012036724 0.843946815 114.396408081
0.818031430 0.051156100 -0.572893977 -1.156444550 -0.034558650 0.998608947 0.039823897 0.974075079 0.574134350 -0.012778756 0.818661451 114.562873840
0.790918350 0.052684300 -0.609649658 -1.295711517 -0.033481073 0.998520255 0.042853389 0.980448008 0.611005127 -0.013481807 0.791511834 114.711791992
0.762014031 0.055528075 -0.645175338 -1.464481354 -0.034130119 0.998375833 0.045615908 0.992575884 0.646660447 -0.012740046 0.762671530 114.888275146
0.732167959 0.055764221 -0.678837538 -1.636722565 -0.032781266 0.998372972 0.046656378 1.010678768 0.680334806 -0.011907147 0.732804716 115.041122437
0.701815665 0.055612646 -0.710184395 -1.823947906 -0.030279990 0.998375893 0.048256975 1.028118849 0.711714685 -0.012363123 0.702359796 115.204208374
0.671451807 0.056093082 -0.738922238 -2.022167206 -0.026656946 0.998314023 0.051561121 1.044026375 0.740568578 -0.014923402 0.671814978 115.361953735
0.640546918 0.056485176 -0.765838802 -2.241088867 -0.021933213 0.998229921 0.055280477 1.064350605 0.767605722 -0.018612428 0.640652001 115.530120850
0.609197199 0.057719678 -0.790915370 -2.471031189 -0.017502617 0.998083234 0.059357189 1.081382036 0.792825520 -0.022317145 0.609039962 115.692932129
0.577019989 0.059289522 -0.814575136 -2.719177246 -0.014675315 0.997953176 0.062241293 1.105175972 0.816598177 -0.023960320 0.576709032 115.846664429
0.543365300 0.059274834 -0.837401032 -2.987926483 -0.008591220 0.997844517 0.065057114 1.129064322 0.839452386 -0.028155487 0.542703331 116.004791260
0.507218003 0.061949711 -0.859588325 -3.271553040 -0.003936279 0.997569263 0.069571182 1.153709888 0.861808717 -0.031904180 0.506228983 116.157531738
0.470022708 0.063508108 -0.880366623 -3.558490753 0.002239719 0.997319162 0.073140636 1.180481195 0.882651508 -0.036349531 0.468620390 116.295494080
0.432782143 0.063992098 -0.899224460 -3.866947174 0.006066238 0.997248113 0.073887385 1.205411196 0.901478112 -0.037432056 0.431202978 116.432205200
0.395693988 0.064046785 -0.916146457 -4.189983368 0.007086494 0.997322619 0.072782472 1.230413198 0.918355107 -0.035291843 0.394180685 116.558776855
0.361158609 0.062951669 -0.930377066 -4.527618408 0.008475365 0.997455895 0.070780411 1.260722876 0.932465792 -0.033448238 0.359706223 116.669403076
0.329823941 0.060141657 -0.942124784 -4.891918182 0.012449905 0.997604907 0.068041816 1.291998148 0.943960369 -0.034171175 0.328285128 116.785278320
0.300903887 0.056026917 -0.952007234 -5.264987946 0.015721742 0.997845650 0.063693784 1.322645783 0.953524828 -0.034132924 0.299374819 116.894905090
0.274559796 0.054248132 -0.960038543 -5.644670486 0.016952606 0.997978985 0.061240263 1.354286075 0.961420536 -0.033089265 0.273085356 116.983551025
0.248328045 0.053671133 -0.967188001 -6.047731400 0.017284088 0.998059392 0.059821978 1.387358785 0.968521774 -0.031572439 0.246918485 117.081657410
0.222306952 0.053254154 -0.973521352 -6.444168091 0.018678525 0.998091221 0.058863509 1.412260652 0.974797785 -0.031269703 0.220887944 117.168090820
0.195861638 0.054728448 -0.979103088 -6.861206055 0.019921008 0.998013258 0.059770498 1.439238191 0.980429113 -0.031211466 0.194382280 117.241737366
0.170360804 0.056169353 -0.983779550 -7.312583923 0.022443693 0.997893810 0.060861778 1.473264217 0.985126257 -0.032448102 0.168741331 117.310096741
0.146793336 0.058841061 -0.987415552 -7.753484726 0.020704376 0.997827709 0.062539533 1.504277229 0.988950491 -0.029624207 0.145256191 117.367797852
0.126475587 0.061448477 -0.990064621 -8.212875366 0.017843556 0.997777045 0.064206578 1.534842610 0.991809249 -0.025786839 0.125098005 117.406745911
0.108055055 0.062940799 -0.992150486 -8.685455322 0.016958758 0.997731924 0.065141857 1.569804072 0.994000196 -0.023864549 0.106742583 117.454421997
0.092938796 0.063146591 -0.993667364 -9.158290863 0.016039627 0.997762382 0.064907037 1.601414442 0.995542645 -0.021970434 0.091717973 117.486305237
0.080479406 0.062931813 -0.994767666 -9.649391174 0.016317923 0.997787952 0.064443052 1.639185548 0.996622801 -0.021418881 0.079274453 117.521835327
0.071135327 0.062808990 -0.995487273 -10.139285088 0.016911963 0.997796059 0.064163171 1.673520446 0.997323215 -0.021399911 0.069916315 117.551147461
0.064094089 0.063261621 -0.995936632 -10.654307365 0.016422346 0.997786641 0.064436018 1.712264419 0.997808695 -0.020485586 0.062913321 117.578506470
0.058209971 0.064610884 -0.996211350 -11.157163620 0.017766317 0.997678399 0.065744154 1.746428847 0.998146176 -0.021525972 0.056926921 117.611320496
0.053929143 0.065633185 -0.996385396 -11.685317039 0.017788421 0.997615993 0.066677034 1.786973596 0.998386323 -0.021319959 0.052633051 117.638069153
0.049917668 0.067852601 -0.996445954 -12.219419479 0.018654846 0.997452199 0.068855651 1.824656010 0.998579085 -0.022025656 0.048524708 117.657188416
0.046401426 0.070614189 -0.996423960 -12.754632950 0.020428861 0.997222543 0.071622111 1.860438943 0.998713911 -0.023679171 0.044829976 117.675361633
0.042407550 0.071808435 -0.996516526 -13.284549713 0.021893360 0.997107506 0.072782710 1.901784539 0.998860478 -0.024903631 0.040712766 117.697418213
0.039842121 0.069999039 -0.996751070 -13.822812080 0.021823335 0.997244298 0.070905998 1.948083997 0.998967648 -0.024577476 0.038204715 117.709770203
0.037653372 0.065819420 -0.997120798 -14.377634048 0.021590527 0.997541904 0.066662513 1.988791466 0.999057591 -0.024038432 0.036139738 117.735214233
0.037219115 0.061281674 -0.997426331 -14.924826622 0.021249382 0.997843623 0.062100232 2.027656317 0.999081135 -0.023506010 0.035836663 117.751625061
0.037374906 0.057947271 -0.997619808 -15.480261803 0.020985365 0.998051584 0.058758553 2.066871643 0.999080956 -0.023131508 0.036086041 117.771789551
0.038084779 0.056996394 -0.997647762 -16.035257339 0.018773591 0.998154998 0.057742048 2.105651617 0.999098182 -0.020928524 0.036944490 117.786392212
0.039884493 0.057348281 -0.997557223 -16.604190826 0.017515475 0.998158097 0.058083124 2.140593052 0.999050796 -0.019789303 0.038806543 117.804672241
0.041530456 0.061087243 -0.997268081 -17.188138962 0.016038911 0.997959793 0.061797552 2.176845074 0.999008417 -0.018561579 0.040465958 117.823158264
0.043784119 0.065855034 -0.996868134 -17.761102676 0.014644915 0.997675538 0.066551611 2.218964815 0.998933673 -0.017512953 0.042717908 117.842277527
0.045888606 0.068175107 -0.996617496 -18.344118118 0.013502075 0.997535050 0.068859562 2.261410952 0.998855293 -0.016616279 0.044854987 117.869911194
0.047918476 0.067644313 -0.996558130 -18.922363281 0.013978417 0.997561038 0.068384521 2.306577444 0.998753428 -0.017207181 0.046856049 117.888916016
0.049921717 0.066552281 -0.996533275 -19.509780884 0.014243102 0.997628450 0.067338929 2.349160671 0.998651564 -0.017555399 0.048855420 117.910713196
0.052214712 0.065311946 -0.996497869 -20.091293335 0.016285632 0.997670650 0.066242144 2.392468452 0.998503029 -0.019687412 0.051029444 117.939430237
0.053525973 0.066062130 -0.996378779 -20.697673798 0.016334103 0.997617781 0.067021750 2.435996294 0.998432875 -0.019862363 0.052319396 117.978263855
0.055915050 0.067498244 -0.996151328 -21.292076111 0.016412340 0.997515261 0.068511903 2.467805862 0.998300672 -0.020180022 0.054668315 118.000953674
0.057695519 0.067206532 -0.996069551 -21.897365570 0.016889421 0.997523069 0.068282895 2.514439106 0.998191357 -0.020762652 0.056417525 118.031806946
0.059579711 0.065280065 -0.996086717 -22.504579544 0.017631670 0.997634828 0.066436134 2.568847179 0.998067796 -0.021520916 0.058287796 118.072990417
0.061844744 0.063922696 -0.996036768 -23.112796783 0.017159108 0.997731388 0.065096878 2.609527111 0.997938275 -0.021116998 0.060607582 118.101470947
0.063874133 0.063701048 -0.995922804 -23.744174957 0.016495796 0.997756958 0.064876325 2.658433437 0.997821510 -0.020572461 0.062680066 118.132949829
0.064881384 0.065700397 -0.995727777 -24.359683990 0.016116658 0.997631133 0.066876151 2.698911190 0.997762799 -0.020386823 0.063668810 118.185501099
