0.999993801 -0.003396465 0.000949109 0.009385775 0.003393953 0.999990702 0.002635921 0.005406879 -0.000958053 -0.002632683 0.999996066 0.868161261
0.999979079 -0.006401740 0.000851061 0.011111226 0.006397758 0.999968946 0.004601571 0.013314396 -0.000880493 -0.004596030 0.999989033 1.739646792
0.999965668 -0.008234364 -0.000911019 0.011518992 0.008239279 0.999950707 0.005529590 0.016654162 0.000865442 -0.005536907 0.999984324 2.617946148
0.999931753 -0.011047608 -0.003836371 0.011030404 0.011065693 0.999927580 0.004724587 0.026742611 0.003783898 -0.004766715 0.999981463 3.494132280
0.999877810 -0.013195375 -0.008384175 0.000405096 0.013225364 0.999906301 0.003531417 0.034300335 0.008336791 -0.003641870 0.999958634 4.374721527
0.999763310 -0.015853001 -0.014901684 -0.019202989 0.015909826 0.999866486 0.003702712 0.041221462 0.014840997 -0.003938918 0.999882102 5.263525009
0.999564886 -0.017926628 -0.023423469 -0.043474525 0.018045519 0.999825299 0.004874236 0.052982304 0.023331998 -0.005294804 0.999713778 6.161005020
0.999287963 -0.018991929 -0.032600511 -0.086808711 0.019240519 0.999788105 0.007328680 0.064577430 0.032454416 -0.007950714 0.999441624 7.090241432
0.998809993 -0.021054825 -0.043992221 -0.122694880 0.021497406 0.999722719 0.009611554 0.066495642 0.043777652 -0.010545834 0.998985589 7.970676899
0.998308599 -0.019199274 -0.054876000 -0.195089966 0.019816151 0.999746203 0.010719330 0.082762279 0.054656263 -0.011788632 0.998435676 8.901470184
0.997635305 -0.017587589 -0.066440590 -0.261648923 0.018337471 0.999774694 0.010693564 0.086516693 0.066237539 -0.011886630 0.997733057 9.781204224
0.996887207 -0.017429169 -0.076889254 -0.355359018 0.018150549 0.999797463 0.008693224 0.096122608 0.076722175 -0.010061746 0.997001708 10.723739624
0.996012449 -0.017957687 -0.087387711 -0.435790718 0.018719921 0.999793589 0.007910669 0.108239062 0.087227590 -0.009515016 0.996142924 11.612380981
0.995068133 -0.019893799 -0.097178608 -0.526258111 0.020692350 0.999759853 0.007216373 0.124285772 0.097011723 -0.009191637 0.995240808 12.574279785
0.994183481 -0.017630719 -0.106246375 -0.637929857 0.018382056 0.999812424 0.006096416 0.140259296 0.106118955 -0.008013983 0.994321167 13.457823753
0.993251204 -0.015942626 -0.114882044 -0.771028936 0.016743079 0.999841750 0.006005975 0.142319232 0.114768103 -0.007888921 0.993361056 14.426781654
0.992256165 -0.017564638 -0.122960068 -0.883471727 0.018145133 0.999828815 0.003602678 0.147421360 0.122875750 -0.005805904 0.992405117 15.335028648
0.991166770 -0.020785308 -0.130982682 -0.999655128 0.021355538 0.999767601 0.002950178 0.159728497 0.130890906 -0.005721324 0.991380394 16.194620132
0.990330637 -0.020260127 -0.137239948 -1.148898959 0.021140406 0.999764204 0.004959506 0.158185095 0.137107104 -0.007812859 0.990525424 17.157373428
0.989693642 -0.016978985 -0.142191589 -1.295408249 0.018050376 0.999817550 0.006248277 0.167637259 0.142059565 -0.008750489 0.989819467 18.092483521
0.989035547 -0.015391350 -0.146873146 -1.420454383 0.016837319 0.999821186 0.008606820 0.169103682 0.146714404 -0.010985401 0.989117861 18.935281754
0.988518655 -0.015528125 -0.150298193 -1.570869803 0.017004898 0.999818861 0.008545330 0.182738021 0.150138274 -0.011003025 0.988603711 19.852552414
0.988077164 -0.016760528 -0.153044090 -1.727627277 0.018521845 0.999777615 0.010090002 0.194108516 0.152840942 -0.012804360 0.988167882 20.789966583
0.987457573 -0.016726540 -0.156996042 -1.847313762 0.018911017 0.999743879 0.012430727 0.202622294 0.156747907 -0.015243771 0.987520993 21.630657196
0.987207949 -0.016254675 -0.158607453 -2.003787041 0.018738836 0.999723852 0.014179291 0.211135000 0.158333197 -0.016970029 0.987239957 22.556417465
0.987061262 -0.015584472 -0.159584060 -2.166586399 0.018136395 0.999729693 0.014547053 0.224340558 0.159314230 -0.017253112 0.987077177 23.477005005
0.987031162 -0.014336157 -0.159887359 -2.298696041 0.016716052 0.999768436 0.013549702 0.230155766 0.159656078 -0.016046664 0.987042248 24.296875000
0.987284184 -0.014186529 -0.158330262 -2.454576015 0.016035838 0.999817252 0.010408603 0.246604845 0.158153653 -0.012815208 0.987331271 25.197977066
0.987571955 -0.014428602 -0.156503990 -2.580202579 0.015972039 0.999835372 0.008608788 0.251504004 0.156353995 -0.011001486 0.987639725 26.027019501
0.988095880 -0.015542184 -0.153052345 -2.706597090 0.017030297 0.999819577 0.008416637 0.261960626 0.152893931 -0.010922971 0.988182247 26.914630890
0.988862097 -0.014887769 -0.148088217 -2.863757610 0.016670292 0.999802709 0.010802954 0.263428032 0.147898167 -0.013151307 0.988915145 27.817562103
0.989361882 -0.017396597 -0.144431263 -2.968561649 0.019252438 0.999748945 0.011461488 0.283134401 0.144195631 -0.014120213 0.989448369 28.647106171
0.989785790 -0.017572489 -0.141475841 -3.090694904 0.019384189 0.999746621 0.011437668 0.286944836 0.141239002 -0.014063235 0.989875615 29.536659241
0.990324140 -0.020202266 -0.137295127 -3.224006176 0.021636322 0.999725699 0.008960594 0.293947399 0.137076452 -0.011844454 0.990489602 30.412105560
0.990633130 -0.020717021 -0.134969339 -3.321593285 0.021557933 0.999756217 0.004771694 0.304245412 0.134837568 -0.007636658 0.990838289 31.222122192
0.991017222 -0.021209111 -0.132041886 -3.444807053 0.021813799 0.999757111 0.003134529 0.313286960 0.131943345 -0.005986707 0.991239190 32.105316162
0.991443515 -0.019098263 -0.129132032 -3.552515507 0.019554708 0.999806225 0.002267669 0.324711293 0.129063696 -0.004773406 0.991624773 32.965797424
0.991865695 -0.018902481 -0.125878111 -3.691858292 0.019558797 0.999800801 0.003979899 0.316249371 0.125777796 -0.006409549 0.992037833 33.849658966
0.992047131 -0.016482743 -0.124782667 -3.770248652 0.017251687 0.999838233 0.005084142 0.327419549 0.124678671 -0.007196419 0.992171049 34.611221313
0.992443621 -0.014451486 -0.121847868 -3.868563414 0.015201213 0.999870777 0.005225597 0.323825210 0.121756598 -0.007038346 0.992535055 35.434192657
0.992796600 -0.011268418 -0.119281389 -4.007268429 0.011974803 0.999914646 0.005206890 0.320409119 0.119212538 -0.006597754 0.992846787 36.304237366
0.993073344 -0.011009403 -0.116978966 -4.116690636 0.011678737 0.999919057 0.005037907 0.331424057 0.116914019 -0.006369178 0.993121624 37.177345276
0.993213058 -0.010169916 -0.115863472 -4.198837757 0.010857661 0.999926984 0.005306227 0.344132662 0.115801044 -0.006528220 0.993250966 37.942424774
0.993450701 -0.010459025 -0.113781415 -4.298470020 0.011109339 0.999925315 0.005082869 0.357630789 0.113719754 -0.006313616 0.993492782 38.774120331
0.993550003 -0.010824800 -0.112877563 -4.387543201 0.011397972 0.999925256 0.004433682 0.356929123 0.112821132 -0.005691661 0.993599057 39.598327637
0.993494153 -0.013105065 -0.113126732 -4.484353065 0.013590626 0.999901414 0.003522026 0.366192639 0.113069408 -0.005036574 0.993574440 40.426616669
0.993275285 -0.015287568 -0.114762783 -4.564250469 0.015731040 0.999871910 0.002959552 0.370712370 0.114702836 -0.004744989 0.993388534 41.264827728
0.993098080 -0.015188427 -0.116299607 -4.683696270 0.015703816 0.999870539 0.003516525 0.372160673 0.116231129 -0.005318602 0.993207991 42.111518860
0.992806613 -0.014318208 -0.118869238 -4.788577080 0.014972629 0.999877393 0.004614113 0.379267097 0.118788570 -0.006360710 0.992899179 42.928337097
0.992585063 -0.013574780 -0.120791361 -4.896003723 0.014429027 0.999876738 0.006200203 0.391818941 0.120692298 -0.007897131 0.992658556 43.755485535
0.992410779 -0.010966762 -0.122476876 -5.025161266 0.012308290 0.999872267 0.010202077 0.394802183 0.122349337 -0.011632133 0.992418945 44.623367310
0.992185891 -0.009693865 -0.124391504 -5.127551079 0.011396999 0.999850750 0.012987401 0.388965994 0.124247044 -0.014303606 0.992148161 45.442317963
0.991823316 -0.009382555 -0.127273083 -5.217411041 0.011216743 0.999843180 0.013702391 0.416327834 0.127124563 -0.015017941 0.991773069 46.250068665
0.991506219 -0.008871854 -0.129755616 -5.319246769 0.010632613 0.999860406 0.012883343 0.424118429 0.129623219 -0.014153558 0.991462231 47.065189362
0.991226971 -0.009589060 -0.131822482 -5.431505680 0.010986025 0.999890924 0.009874115 0.440555364 0.131713420 -0.011235696 0.991224170 47.879215240
0.990893126 -0.011671279 -0.134144261 -5.535256386 0.012643766 0.999899626 0.006399922 0.459503651 0.134056106 -0.008037727 0.990941226 48.683872223
0.990576506 -0.013595498 -0.136284083 -5.642035484 0.014446557 0.999881864 0.005257613 0.470731735 0.136196494 -0.007176904 0.990655839 49.489021301
0.990293801 -0.015466599 -0.138126850 -5.751111984 0.016214015 0.999859393 0.004287481 0.480717719 0.138041124 -0.006485458 0.990405262 50.273265839
0.989915133 -0.017155351 -0.140618920 -5.878537178 0.017747836 0.999838054 0.002960325 0.490819931 0.140545353 -0.005426152 0.990059495 51.109916687
0.989491284 -0.018528365 -0.143400148 -6.007553577 0.018863741 0.999821544 0.000979412 0.491809309 0.143356398 -0.003674182 0.989664376 51.919864655
0.988914251 -0.020163771 -0.147111773 -6.117466450 0.020319540 0.999793410 -0.000444003 0.470918447 0.147090346 -0.002550164 0.989119828 52.704807281
0.988375068 -0.020955460 -0.150584176 -6.240205765 0.020922201 0.999779463 -0.001805338 0.505742729 0.150588825 -0.001366202 0.988595545 53.555233002
0.987879813 -0.020533023 -0.153856531 -6.379220009 0.020801259 0.999783635 0.000133656 0.503464460 0.153820530 -0.003332446 0.988093197 54.404281616
0.987459362 -0.017171053 -0.156936616 -6.518148422 0.017753989 0.999839664 0.002313279 0.521685600 0.156871766 -0.005070519 0.987605989 55.224540710
0.986993611 -0.014509029 -0.160102978 -6.666623116 0.015456282 0.999869704 0.004672721 0.536804914 0.160014316 -0.007086544 0.987089217 56.119350433
0.986436963 -0.014029831 -0.163539276 -6.787140846 0.015434029 0.999854147 0.007318814 0.559268713 0.163412750 -0.009743618 0.986509681 56.990207672
0.985975266 -0.014458766 -0.166263893 -6.971549511 0.016025458 0.999838829 0.008085141 0.527039170 0.166120201 -0.010636205 0.986048162 57.790897369
0.985603452 -0.013932180 -0.168498591 -7.130390167 0.015486764 0.999848723 0.007915397 0.546017587 0.168362826 -0.010410940 0.985670090 58.649127960
0.985161722 -0.011523124 -0.171241671 -7.292919636 0.012873595 0.999894142 0.006777940 0.564140081 0.171145439 -0.008881862 0.985205770 59.517379761
0.984682560 -0.010672991 -0.174029157 -7.461418152 0.011922606 0.999909997 0.006136614 0.557817817 0.173948005 -0.008117498 0.984721422 60.420181274
0.984242857 -0.011803732 -0.176427558 -7.630346298 0.012913261 0.999903381 0.005142007 0.572758555 0.176349819 -0.007339238 0.984300196 61.297187805
0.983824968 -0.014643806 -0.178533047 -7.790736198 0.015532162 0.999872923 0.003579062 0.587528706 0.178457960 -0.006294176 0.983927429 62.191257477
0.983489931 -0.015355148 -0.180309668 -7.965440750 0.016103387 0.999866664 0.002686602 0.592972338 0.180244386 -0.005545842 0.983606219 63.119464874
0.983193934 -0.013861683 -0.182037383 -8.153553963 0.014391461 0.999895155 0.001589604 0.602322340 0.181996256 -0.004182674 0.983290315 64.037826538
0.982875049 -0.012945430 -0.183818027 -8.326947212 0.013161230 0.999913394 -0.000046052 0.613716841 0.183802694 -0.002374008 0.982960284 64.964088440
0.982608557 -0.012821798 -0.185245797 -8.507634163 0.012984628 0.999915659 -0.000334204 0.629602671 0.185234442 -0.002076956 0.982692182 65.919181824
0.982392132 -0.013792242 -0.186320648 -8.684150696 0.014112597 0.999900341 0.000393078 0.625789821 0.186296627 -0.003015625 0.982488930 66.860351562
0.982367396 -0.013546362 -0.186469376 -8.882117271 0.013996968 0.999901414 0.001100127 0.627429605 0.186436087 -0.003690735 0.982460141 67.844673157
0.982420206 -0.012511232 -0.186263219 -9.083555222 0.013252840 0.999908447 0.002736835 0.632689774 0.186211899 -0.005157238 0.982496023 68.829719543
0.982476592 -0.009988489 -0.186118335 -9.278741837 0.010788592 0.999936402 0.003286545 0.647783935 0.186073661 -0.005236908 0.982521832 69.842071533
0.982518613 -0.011484884 -0.185809717 -9.457180023 0.012282816 0.999919593 0.003143729 0.659557581 0.185758710 -0.005371039 0.982580721 70.831695557
0.982639134 -0.013187284 -0.185058191 -9.654872894 0.013969326 0.999898136 0.002922678 0.669863462 0.185000807 -0.005457076 0.982723236 71.836990356
0.982698977 -0.016258879 -0.184494764 -9.836284637 0.016988188 0.999852896 0.002372886 0.676339924 0.184429049 -0.005466064 0.982830584 72.861854553
0.982767999 -0.015861498 -0.184161574 -10.028470993 0.016544819 0.999860823 0.002174317 0.682510734 0.184101418 -0.005183768 0.982893586 73.880607605
0.982905328 -0.014935672 -0.183504865 -10.223869324 0.015288486 0.999882996 0.000507940 0.692588031 0.183475807 -0.003304769 0.983018696 74.893035889
0.982994854 -0.016104724 -0.182925776 -10.419704437 0.016568853 0.999862254 0.001009093 0.701315045 0.182884350 -0.004022804 0.983126223 75.911544800
0.982878506 -0.017689664 -0.183403432 -10.592723846 0.018765924 0.999815404 0.004134199 0.704596639 0.183296427 -0.007505150 0.983029068 76.924644470
0.982972622 -0.016176444 -0.183038801 -10.793494225 0.017870802 0.999811471 0.007611060 0.702778757 0.182881162 -0.010752515 0.983076215 77.937149048
0.982951403 -0.015814163 -0.183184505 -10.999280930 0.017610850 0.999811411 0.008185342 0.707342625 0.183020517 -0.011271828 0.983044446 78.951324463
0.982524812 -0.016124088 -0.185431644 -11.178465843 0.017787019 0.999815106 0.007307704 0.721478224 0.185279503 -0.010478279 0.982630014 79.951568604
0.982257366 -0.017970271 -0.186675087 -11.377196312 0.019528136 0.999788105 0.006509668 0.730215788 0.186518505 -0.010039586 0.982400179 80.966293335
0.981866419 -0.017406981 -0.188773364 -11.574633598 0.019390428 0.999774456 0.008665181 0.737051249 0.188579917 -0.012168446 0.981982470 81.964607239
0.981485069 -0.017578168 -0.190730646 -11.778045654 0.019939441 0.999746442 0.010467935 0.744949043 0.190498263 -0.014077185 0.981586576 82.971893311
0.980986714 -0.017959036 -0.193242058 -11.963245392 0.020262446 0.999745190 0.009949858 0.762877882 0.193014100 -0.013676234 0.981100678 83.964843750
0.980639040 -0.019225452 -0.194877684 -12.159079552 0.021606797 0.999715626 0.010101143 0.770555019 0.194628045 -0.014116261 0.980775476 84.951965332
0.980157852 -0.018603023 -0.197343469 -12.350570679 0.020505443 0.999760866 0.007600953 0.784417152 0.197154909 -0.011496749 0.980304897 85.913154602
0.979917049 -0.013879823 -0.198921949 -12.580017090 0.015275859 0.999868214 0.005484972 0.785560608 0.198819622 -0.008413521 0.979999959 86.919715881
0.979558468 -0.017605959 -0.200387374 -12.784864426 0.018462483 0.999826789 0.002406239 0.789857626 0.200310245 -0.006056702 0.979713738 87.899070740
0.979174674 -0.018681841 -0.202158093 -13.003127098 0.019227345 0.999814928 0.000734791 0.808683574 0.202106968 -0.004606451 0.979352593 88.897933960
0.979272425 -0.017912470 -0.201753870 -13.200765610 0.018709170 0.999822855 0.002042469 0.812269092 0.201681584 -0.005774781 0.979434133 89.858131409
0.979023039 -0.016271710 -0.203098521 -13.428390503 0.017828846 0.999823987 0.005839579 0.819025576 0.202967748 -0.009338097 0.979140997 90.850006104
0.978542268 -0.017766364 -0.205278844 -13.612842560 0.019668357 0.999780416 0.007228467 0.820928991 0.205105335 -0.011110856 0.978676796 91.804733276
0.978325665 -0.016708128 -0.206397027 -13.817593575 0.018633075 0.999799073 0.007385978 0.829887509 0.206232160 -0.011071702 0.978440464 92.757614136
0.978362083 -0.015569559 -0.206313342 -14.030953407 0.017231038 0.999831975 0.006258700 0.832488477 0.206181228 -0.009678268 0.978465974 93.701431274
0.978311837 -0.012874804 -0.206736788 -14.238180161 0.014482046 0.999875486 0.006262823 0.842263818 0.206630424 -0.009120966 0.978376567 94.648559570
0.978452921 -0.009026892 -0.206272572 -14.450695038 0.010430148 0.999929249 0.005716504 0.847569764 0.206206381 -0.007744783 0.978477895 95.571098328
0.978713989 -0.003918222 -0.205191135 -14.653196335 0.005752582 0.999948621 0.008344000 0.853140652 0.205147892 -0.009346769 0.978686273 96.503257751
0.979148746 -0.001889243 -0.203135818 -14.858930588 0.004205646 0.999930978 0.010972168 0.865467727 0.203101069 -0.011597704 0.979089081 97.437141418
0.979753137 0.000807124 -0.200207710 -15.058725357 0.002254211 0.999884009 0.015062363 0.878479302 0.200196669 -0.015208707 0.979637682 98.372993469
0.980649173 0.002743865 -0.195754245 -15.241951942 0.000682759 0.999847770 0.017435094 0.895286143 0.195772290 -0.017231364 0.980497956 99.267814636
0.981764078 0.003553858 -0.190070271 -15.423967361 -0.000105005 0.999835193 0.018152136 0.908181429 0.190103456 -0.017801160 0.981602669 100.172561646
0.982954204 0.002800791 -0.183829278 -15.590147018 0.000278769 0.999860108 0.016724307 0.925376236 0.183850408 -0.016490472 0.982815921 101.060623169
0.984326303 0.000025015 -0.176356956 -15.743877411 0.002237579 0.999917746 0.012630749 0.929450631 0.176342756 -0.012827391 0.984245241 101.919883728
0.985830486 -0.002612842 -0.167723969 -15.887261391 0.003770699 0.999971151 0.006585244 0.938936591 0.167701945 -0.007124370 0.985812008 102.783294678
0.987445951 -0.001464944 -0.157950431 -16.023899078 0.001721849 0.999997437 0.001489663 0.946847498 0.157947823 -0.001742928 0.987445951 103.598304749
0.989257216 0.000046741 -0.146185368 -16.143957138 -0.000336425 0.999998033 -0.001956895 0.954181075 0.146185011 0.001985053 0.989255190 104.444885254
0.991184592 -0.000721666 -0.132486820 -16.247226715 0.000644486 0.999999523 -0.000625431 0.961093605 0.132487208 0.000534531 0.991184533 105.258430481
0.992838979 -0.004860641 -0.119360790 -16.334791183 0.005379761 0.999977410 0.004027334 0.966970921 0.119338505 -0.004640627 0.992842793 106.087356567
0.994498193 -0.006751389 -0.104536057 -16.410449982 0.007666630 0.999935627 0.008355916 0.961110651 0.104472890 -0.009111380 0.994486034 106.891166687
0.996008158 -0.004909994 -0.089128710 -16.475002289 0.005787756 0.999937236 0.009592485 0.967936456 0.089076012 -0.010070048 0.995973945 107.681991577
0.997327566 -0.002590635 -0.073012784 -16.528118134 0.003278775 0.999951303 0.009306641 0.970125794 0.072985113 -0.009521163 0.997287571 108.470497131
0.998541832 -0.002317826 -0.053931817 -16.569324493 0.002663633 0.999976337 0.006340933 0.981112123 0.053915836 -0.006475341 0.998524547 109.254196167
0.999470472 -0.000898012 -0.032526378 -16.586738586 0.001018388 0.999992609 0.003684476 0.984089017 0.032522824 -0.003715649 0.999464095 110.022377014
0.999965727 0.000392718 -0.008271623 -16.580013275 -0.000378781 0.999998510 0.001686389 0.989408731 0.008272273 -0.001683198 0.999964356 110.783569336
0.999798775 0.003366985 0.019775162 -16.558029175 -0.003394989 0.999993265 0.001382748 0.986806870 -0.019770369 -0.001449607 0.999803424 111.543571472
0.998720348 0.005259692 0.050299190 -16.507806778 -0.005275121 0.999986053 0.000173990 0.994638562 -0.050297573 -0.000439101 0.998734117 112.318367004
0.996543348 0.006357417 0.082830563 -16.434875488 -0.006440762 0.999979079 0.000739066 0.993275642 -0.082824133 -0.001270004 0.996563315 113.068527222
0.993200123 0.006577146 0.116232574 -16.314918518 -0.006861399 0.999974310 0.002045617 0.993989587 -0.116216138 -0.002829226 0.993219912 113.798736572
0.988562584 0.006508792 0.150670469 -16.188390732 -0.006876827 0.999974489 0.001921732 0.997371137 -0.150654167 -0.002935887 0.988582134 114.570976257
0.982690096 0.004080974 0.185211718 -16.039522171 -0.004468333 0.999988616 0.001674073 0.999641955 -0.185202777 -0.002472682 0.982697308 115.294700623
0.975636482 0.003733738 0.219361305 -15.838779449 -0.004271413 0.999988914 0.001976872 0.993012786 -0.219351530 -0.002865691 0.975641727 116.044631958
0.966933370 0.005281249 0.254974395 -15.640401840 -0.005665127 0.999983609 0.000771203 0.998895466 -0.254966170 -0.002190165 0.966947496 116.746627808
0.956905901 0.008406391 0.290276319 -15.399391174 -0.008326797 0.999964178 -0.001509356 1.016952991 -0.290278673 -0.000972760 0.956941664 117.469573975
0.945378721 0.008180809 0.325871706 -15.149238586 -0.007807558 0.999966502 -0.002453230 1.005194902 -0.325880826 -0.000225031 0.945410848 118.170959473
0.932564795 0.006621873 0.360941648 -14.854022980 -0.005930239 0.999977887 -0.003023738 1.007834315 -0.360953629 0.000679360 0.932583570 118.869934082
0.918377697 0.004628499 0.395677865 -14.520950317 -0.003469836 0.999987364 -0.003643924 1.009752989 -0.395689785 0.001973561 0.918382108 119.566162109
0.902521312 0.005156448 0.430614263 -14.168411255 -0.003517523 0.999983311 -0.004602078 1.007508278 -0.430630803 0.002638778 0.902524292 120.260597229
0.885672033 0.006411059 0.464267105 -13.771877289 -0.004157120 0.999974132 -0.005878187 1.000925064 -0.464292824 0.003276132 0.885675848 120.924278259
0.866983294 0.007466321 0.498281240 -13.349418640 -0.003958779 0.999959409 -0.008095474 1.005313039 -0.498321444 0.005046054 0.866977632 121.652549744
0.847070098 0.005854822 0.531448722 -12.906631470 -0.000960524 0.999954581 -0.009485251 1.009549618 -0.531480134 0.007524204 0.847037256 122.301269531
0.825779796 0.004879647 0.563971579 -12.409027100 0.002208656 0.999926925 -0.011885628 1.000130653 -0.563988328 0.011060528 0.825708687 122.973968506
0.803106308 0.005535825 0.595810056 -11.914958954 0.003080234 0.999904931 -0.013442294 0.986978531 -0.595827878 0.012630824 0.803012967 123.608787537
0.779347122 0.005490284 0.626568258 -11.372585297 0.003829784 0.999901175 -0.013525221 0.995046735 -0.626580596 0.012940465 0.779249191 124.264953613
0.755208254 0.004633237 0.655468524 -10.811618805 0.004779716 0.999909580 -0.012574974 0.989827394 -0.655467451 0.012629679 0.755117834 124.865837097
0.729826272 0.002482737 0.683628082 -10.202316284 0.008583847 0.999881268 -0.012795205 0.980200887 -0.683578670 0.015206435 0.729718387 125.489517212
0.703793466 0.001555430 0.710402846 -9.588787079 0.010764953 0.999859393 -0.012853996 0.969297051 -0.710322976 0.016694011 0.703677893 126.075347900
0.677868783 0.002502771 0.735178530 -8.939041138 0.012935920 0.999798834 -0.015331137 0.960455894 -0.735069036 0.019902714 0.677700043 126.657821655
0.653831303 0.006194248 0.756614983 -8.256412506 0.013144169 0.999722540 -0.019543098 0.938745618 -0.756526172 0.022722961 0.653568566 127.220947266
0.631457508 0.010146067 0.775344014 -7.561897278 0.014068819 0.999599814 -0.024538612 0.926913142 -0.775282800 0.026403271 0.631062150 127.783370972
0.612288952 0.011963010 0.790543556 -6.857646942 0.017359376 0.999441087 -0.028569305 0.913213253 -0.790443480 0.031216007 0.611739039 128.308715820
0.596198559 0.010992160 0.802761793 -6.111614227 0.021371013 0.999334693 -0.029555731 0.897745132 -0.802552581 0.034776915 0.595566869 128.842315674
0.583137751 0.009243089 0.812320709 -5.347156525 0.022472959 0.999369025 -0.027504025 0.881641150 -0.812062383 0.034293886 0.582562089 129.371261597
0.572246611 0.008775412 0.820034623 -4.575641632 0.020389028 0.999481380 -0.024923841 0.866095185 -0.819828153 0.030982288 0.571770966 129.915191650
0.563922584 0.006479755 0.825802267 -3.772377014 0.019914987 0.999571681 -0.021442778 0.841633558 -0.825587571 0.028537909 0.563552022 130.456604004
0.557258308 0.006957627 0.830310047 -2.965991974 0.018162949 0.999623477 -0.020566368 0.819433093 -0.830140650 0.026541661 0.556922078 131.003417969
0.552779436 0.008271962 0.833286524 -2.134315491 0.017647870 0.999610245 -0.021630157 0.806422949 -0.833140731 0.026662437 0.552417994 131.551956177
0.549371958 0.007548477 0.835543811 -1.301464081 0.019027168 0.999586880 -0.021540882 0.787248015 -0.835361242 0.027731989 0.549001396 132.108718872
0.547452450 0.008503086 0.836793661 -0.454082489 0.020432303 0.999514401 -0.023523930 0.783759117 -0.836587369 0.029975854 0.547012925 132.661682129
0.545870245 0.007255968 0.837838292 0.415653229 0.022344753 0.999480784 -0.023213953 0.759730577 -0.837571740 0.031393100 0.545424700 133.226516724
0.545222759 0.007808232 0.838254929 1.283203125 0.021498760 0.999497533 -0.023293540 0.755823016 -0.838015497 0.030721610 0.544780970 133.789611816
0.543795645 0.008188758 0.839177608 2.182384491 0.021403722 0.999491811 -0.023622949 0.726802349 -0.838944674 0.030807585 0.543344140 134.380172729
0.542960763 0.008923485 0.839710593 3.098213196 0.021291396 0.999475777 -0.024388401 0.722448587 -0.839488089 0.031120554 0.542486131 134.964279175
0.541331768 0.009399660 0.840756476 3.993373871 0.021335840 0.999461949 -0.024911338 0.696033716 -0.840538204 0.031423550 0.540840030 135.571075439
0.539804518 0.010031437 0.841730535 4.905323029 0.021312632 0.999445558 -0.025578888 0.678613663 -0.841520488 0.031747095 0.539291620 136.179763794
0.538693428 0.009615719 0.842446983 5.861606598 0.021164574 0.999464869 -0.024941381 0.653292775 -0.842235982 0.031265788 0.538201630 136.774520874
0.537395954 0.010079814 0.843269765 6.806434631 0.021067681 0.999456048 -0.025372682 0.649359226 -0.843066812 0.031400915 0.536891282 137.386383057
0.536499023 0.008844168 0.843854606 7.772640228 0.021492803 0.999477506 -0.024139721 0.637117028 -0.843627214 0.031087738 0.536028624 137.994918823
0.535117567 0.006620619 0.844751656 8.738765717 0.021096971 0.999552608 -0.021197969 0.610283732 -0.844514132 0.029165106 0.534738541 138.619476318
0.532913089 0.004349306 0.846158803 9.705162048 0.021155972 0.999605715 -0.018462121 0.590169072 -0.845905483 0.027740017 0.532610953 139.238967896
0.530587494 0.002805092 0.847625613 10.673358917 0.021220803 0.999637127 -0.016591720 0.568393111 -0.847364485 0.026790651 0.530335426 139.847076416
0.528266788 0.002936033 0.849073350 11.624404907 0.021031380 0.999641955 -0.016541755 0.556023121 -0.848817825 0.026595645 0.528015912 140.438613892
0.525708973 0.003442557 0.850657523 12.582798004 0.021186251 0.999628723 -0.017138602 0.556591988 -0.850400627 0.027032159 0.525440753 141.040008545
0.523359835 0.003059153 0.852106214 13.556236267 0.020875890 0.999647498 -0.016410720 0.523148298 -0.851856053 0.026377190 0.523111343 141.630584717
0.521452606 0.003469173 0.853273332 14.504482269 0.020983186 0.999637246 -0.016887497 0.506949425 -0.853022218 0.026710415 0.521190584 142.202056885
0.518114805 0.003975381 0.855301917 15.462505341 0.020644333 0.999639690 -0.017151933 0.478201151 -0.855061889 0.026543804 0.517845988 142.784667969
0.514155924 0.005109500 0.857681453 16.435375214 0.020347293 0.999628127 -0.018152757 0.466703415 -0.857455254 0.026784847 0.513860881 143.387008667
0.510519743 0.006565574 0.859840989 17.383716583 0.018871011 0.999644518 -0.018837512 0.445935726 -0.859658897 0.025842993 0.510214388 143.956893921
0.506922662 0.007416313 0.861959636 18.339294434 0.018900413 0.999626935 -0.019716233 0.427609324 -0.861784339 0.026286002 0.506593347 144.502761841
0.502394021 0.009398843 0.864587724 19.298469543 0.018590173 0.999592364 -0.021668827 0.420428753 -0.864438951 0.026959127 0.502014458 145.088546753
0.498722076 0.008873761 0.866716564 20.244861603 0.018269151 0.999617934 -0.020746803 0.391029000 -0.866569400 0.026181070 0.498369366 145.623428345
0.494954288 0.006781699 0.868892610 21.189037323 0.019542489 0.999629736 -0.018934250 0.375093818 -0.868699193 0.026351910 0.494638503 146.153030396
0.490522534 0.003556081 0.871421278 22.143566132 0.020330092 0.999672830 -0.015523245 0.351078391 -0.871191323 0.025330575 0.490289748 146.691452026
0.486289263 0.003341602 0.873791456 23.088691711 0.018450478 0.999730527 -0.014091427 0.340594769 -0.873603106 0.022974383 0.486096501 147.222732544
0.481310308 0.005324203 0.876534104 24.044452667 0.017208610 0.999731421 -0.015521874 0.312184691 -0.876381338 0.022554770 0.481089413 147.757888794
0.476201087 0.007143240 0.879307389 24.979755402 0.017023548 0.999704778 -0.017340647 0.300742626 -0.879171669 0.023226565 0.475938827 148.260543823
0.470884115 0.006760904 0.882169187 25.890434265 0.017925162 0.999690771 -0.017229674 0.276258349 -0.882012963 0.023926204 0.470617384 148.748992920
0.464759707 0.005694732 0.885418534 26.846168518 0.018166427 0.999707520 -0.015965432 0.271147847 -0.885250390 0.023504978 0.464520335 149.246215820
0.459248811 0.004235650 0.888297617 27.773319244 0.016651040 0.999771893 -0.013375761 0.243550897 -0.888151586 0.020933878 0.459073573 149.726531982
0.453648180 0.004577110 0.891169131 28.690345764 0.017018978 0.999759912 -0.013798323 0.239575863 -0.891018510 0.021426370 0.453461319 150.194488525
0.448031306 0.005177871 0.894002914 29.607452393 0.018915797 0.999704540 -0.015269759 0.230575919 -0.893817782 0.023752108 0.447800905 150.648818970
0.442396164 0.006090383 0.896799028 30.547622681 0.020398386 0.999650002 -0.016851511 0.211104512 -0.896587789 0.025748296 0.442117035 151.096786499
0.435158283 0.008281081 0.900315881 31.498085022 0.019445997 0.999638021 -0.018593669 0.199332595 -0.900143921 0.025598729 0.434839785 151.561950684
0.426907390 0.010235887 0.904237390 32.431903839 0.018280568 0.999633908 -0.019946367 0.186421990 -0.904110551 0.025045227 0.426563978 152.001266479
0.416773200 0.010997408 0.908943951 33.382823944 0.018137788 0.999627113 -0.020411216 0.170629621 -0.908829510 0.024993081 0.416418314 152.439331055
0.405949444 0.010304634 0.913837433 34.315628052 0.017667575 0.999661088 -0.019120781 0.149117827 -0.913724720 0.023907360 0.405629754 152.855834961
0.394219100 0.009851521 0.918963730 35.285343170 0.017834030 0.999672234 -0.018367220 0.127617598 -0.918843448 0.023629533 0.393914223 153.270446777
0.381287932 0.010527477 0.924396396 36.259933472 0.017958922 0.999662101 -0.018792195 0.128090739 -0.924281895 0.023766400 0.380969971 153.665115356
0.367521912 0.010932160 0.929950535 37.239128113 0.017300203 0.999677539 -0.018588986 0.115422964 -0.929853857 0.022920197 0.367214322 154.043273926
0.352894247 0.011578732 0.935591519 38.201522827 0.016788730 0.999684095 -0.018704440 0.083613873 -0.935512602 0.022308085 0.352588326 154.402160645
0.337613374 0.013452116 0.941188812 39.195629120 0.015313497 0.999687076 -0.019781310 0.073178649 -0.941160321 0.021091327 0.337301672 154.765136719
0.321264416 0.015676297 0.946859777 40.231876373 0.015247690 0.999647737 -0.021723717 0.056081772 -0.946866691 0.021416480 0.320912182 155.117187500
0.304976791 0.018250460 0.952184916 41.243488312 0.015184410 0.999596119 -0.024022628 0.038947582 -0.952238679 0.021784710 0.304576516 155.437957764
0.288941622 0.022494810 0.957082331 42.298038483 0.015258660 0.999488711 -0.028098075 0.016165257 -0.957225084 0.022722498 0.288450688 155.752395630
0.272410065 0.025513776 0.961842835 43.335102081 0.014282141 0.999430954 -0.030555775 -0.017072916 -0.962075233 0.022060879 0.271890759 156.041824341
0.256597579 0.028572593 0.966095924 44.389381409 0.015258112 0.999318540 -0.033607755 -0.034395218 -0.966397882 0.023364473 0.255986780 156.321533203
0.241241902 0.026760485 0.970095992 45.444622040 0.015909389 0.999376297 -0.031524520 -0.064789772 -0.970334649 0.023038669 0.240665719 156.588684082
0.228263423 0.023416677 0.973317742 46.517936707 0.016852986 0.999465883 -0.027998142 -0.096131802 -0.973453522 0.022794263 0.227746829 156.835998535
0.217132404 0.020400401 0.975928903 47.595718384 0.019034129 0.999502957 -0.025128048 -0.116664648 -0.975956559 0.024032069 0.216636211 157.071197510
0.208258525 0.019522898 0.977878988 48.667316437 0.022796208 0.999432266 -0.024808103 -0.143958807 -0.977808118 0.027458427 0.207695276 157.296417236
0.200307712 0.021142831 0.979504883 49.761508942 0.022275757 0.999410391 -0.026127867 -0.169743776 -0.979479730 0.027052827 0.199718609 157.511596680
0.192612886 0.024372706 0.980972111 50.840698242 0.022718472 0.999312818 -0.029289134 -0.187326431 -0.981011808 0.027927656 0.191926792 157.717315674
0.186045974 0.027000792 0.982169986 51.945003510 0.023043385 0.999227405 -0.031834677 -0.228673458 -0.982270718 0.028555231 0.185280055 157.943450928
0.180588558 0.028156837 0.983155608 53.043415070 0.024866076 0.999139965 -0.033182081 -0.268073320 -0.983244300 0.030439531 0.179733098 158.148696899
0.177026927 0.028012568 0.983807266 54.167709351 0.024858220 0.999148726 -0.032922406 -0.293934345 -0.983892024 0.030283850 0.176179886 158.342193604
0.174910575 0.026548106 0.984226346 55.285442352 0.024803065 0.999200404 -0.031359855 -0.310917616 -0.984271884 0.029897003 0.174112245 158.546203613
0.173680052 0.024352938 0.984500945 56.410690308 0.023965999 0.999293625 -0.028946800 -0.347796440 -0.984510481 0.028622031 0.172973678 158.733718872
0.172812477 0.023172108 0.984682083 57.539978027 0.023412742 0.999344170 -0.027626097 -0.381150246 -0.984676480 0.027828244 0.172156572 158.935348511
0.172910631 0.024026904 0.984644413 58.654006958 0.023894774 0.999305844 -0.028580761 -0.403138638 -0.984647572 0.028469775 0.172216505 159.141006470
0.173822954 0.025300607 0.984451950 59.779930115 0.023892347 0.999267340 -0.029899999 -0.428513765 -0.984487057 0.028718172 0.173091099 159.333618164
0.174819499 0.025990019 0.984257340 60.886905670 0.024506927 0.999227107 -0.030738112 -0.461020708 -0.984295428 0.029494748 0.174047396 159.541976929
0.175502300 0.026424373 0.984124243 62.006401062 0.024638651 0.999208689 -0.031223293 -0.493077517 -0.984170675 0.029727256 0.174712375 159.752487183
0.177035138 0.026790660 0.983839750 63.127799988 0.024753325 0.999192178 -0.031662896 -0.507869244 -0.983893216 0.029958755 0.176228896 159.958419800
0.178592235 0.026427019 0.983568192 64.264495850 0.025953265 0.999164939 -0.031558566 -0.547628880 -0.983580887 0.031162914 0.177757233 160.160614014
0.180454031 0.026373070 0.983229697 65.368469238 0.024977194 0.999195278 -0.031385418 -0.577497721 -0.983266234 0.030221945 0.179650053 160.382537842
0.182051226 0.025754433 0.982951701 66.448326111 0.026221758 0.999174237 -0.031035980 -0.625362873 -0.982939363 0.031424861 0.181225583 160.598083496
0.184122890 0.024798986 0.982590377 67.569534302 0.027740292 0.999152303 -0.030415108 -0.654922247 -0.982511699 0.032857463 0.183278933 160.813674927
0.185699970 0.023170227 0.982333243 68.671394348 0.029390799 0.999143660 -0.029122757 -0.692311525 -0.982166886 0.034279656 0.184859946 161.037689209
0.187787965 0.021128472 0.981982291 69.766609192 0.030543339 0.999159515 -0.027338965 -0.715768576 -0.981734574 0.035126939 0.186984792 161.234817505
0.190013364 0.019983632 0.981578171 70.885162354 0.031034062 0.999171019 -0.026349356 -0.742894173 -0.981290877 0.035469085 0.189235657 161.447631836
0.191050678 0.021894908 0.981335938 71.971359253 0.032522231 0.999061108 -0.028621942 -0.769703865 -0.981041253 0.037383474 0.190159231 161.676589966
0.193055227 0.024696605 0.980877042 73.026382446 0.033782076 0.998923182 -0.031799927 -0.804240942 -0.980606139 0.039275207 0.192013040 161.877426147
0.194581062 0.028182603 0.980481565 74.129318237 0.035056870 0.998748720 -0.035664860 -0.839999676 -0.980259776 0.041312318 0.193349600 162.090576172
0.195009753 0.030550020 0.980325401 75.180198669 0.033627275 0.998718917 -0.037812475 -0.866199970 -0.980224609 0.040339474 0.193732634 162.310775757
0.195134968 0.030357452 0.980306447 76.265266418 0.032525755 0.998770773 -0.037403658 -0.901801109 -0.980236888 0.039183971 0.193907723 162.527740479
0.193767473 0.027397700 0.980664849 77.328330994 0.032508098 0.998881817 -0.034329839 -0.940240145 -0.980508685 0.038531560 0.192660123 162.746551514
0.191062853 0.025196366 0.981254399 78.393005371 0.032463219 0.998961389 -0.031972047 -0.976762056 -0.981040955 0.037963334 0.190046445 162.965408325
0.187842295 0.022695294 0.981936991 79.456817627 0.032378826 0.999046504 -0.029284738 -1.008979797 -0.981665373 0.037294872 0.186928347 163.161956787
0.183022261 0.021872062 0.982865512 80.528404236 0.030540092 0.999143481 -0.027921263 -1.037147760 -0.982634306 0.035127003 0.182197556 163.368988037
0.176739976 0.020588581 0.984042227 81.580146790 0.026933067 0.999305665 -0.025745273 -1.065020800 -0.983889043 0.031053493 0.176062703 163.570114136
0.168434724 0.017062031 0.985565066 82.664489746 0.028042724 0.999362528 -0.022093439 -1.087508917 -0.985313892 0.031359233 0.167848855 163.743911743
0.158926040 0.015663333 0.987166226 83.707939148 0.029030114 0.999367714 -0.020530548 -1.117876053 -0.986863613 0.031920388 0.158370793 163.915283203
0.149051085 0.019004140 0.988646746 84.735336304 0.029375955 0.999288917 -0.023637502 -1.146508694 -0.988393068 0.032565642 0.148386851 164.074737549
0.140198722 0.026600040 0.989765942 85.785400391 0.030018598 0.999065280 -0.031102046 -1.166480303 -0.989668250 0.034071855 0.139269203 164.219284058
0.131824136 0.033518791 0.990706205 86.802238464 0.031144427 0.998794675 -0.037936550 -1.189733982 -0.990783751 0.035855938 0.130621359 164.364334106
0.124153443 0.034800351 0.991652608 87.826904297 0.033415284 0.998671293 -0.039230213 -1.221669197 -0.991700172 0.038006932 0.122825623 164.466979980
0.116198659 0.033339787 0.992666304 88.838462830 0.033607658 0.998732150 -0.037477531 -1.266597748 -0.992657185 0.037716031 0.114930861 164.600402832
0.109231085 0.031941153 0.993503153 89.876358032 0.033883587 0.998783052 -0.035836253 -1.300142050 -0.993438661 0.037577886 0.108015895 164.718322754
0.102547161 0.031329334 0.994234681 90.891105652 0.032245878 0.998873889 -0.034801427 -1.340476990 -0.994205356 0.035628758 0.101421423 164.802307129
0.096506618 0.032214504 0.994810939 91.897445679 0.030702246 0.998904109 -0.035325475 -1.362349272 -0.994858623 0.033952076 0.095411807 164.895706177
0.091285437 0.032968443 0.995278895 92.903610229 0.029746076 0.998915553 -0.035817172 -1.405356407 -0.995380342 0.032875229 0.090205766 165.000518799
0.088020973 0.033369131 0.995559514 93.896575928 0.029821491 0.998902500 -0.036117803 -1.437234640 -0.995672107 0.032868195 0.086929247 165.092727661
0.085681096 0.035399664 0.995693505 94.870033264 0.028038956 0.998887122 -0.037926003 -1.458295822 -0.995927989 0.031167746 0.084593169 165.186096191
0.083870985 0.034652133 0.995873928 95.860626221 0.027260132 0.998941362 -0.037054673 -1.515055656 -0.996103644 0.030255469 0.082837582 165.264282227
0.082849108 0.034299720 0.995971739 96.853912354 0.024850281 0.999025643 -0.036472045 -1.536237478 -0.996252120 0.027771851 0.081916042 165.343292236
0.081400976 0.033754304 0.996109724 97.817367554 0.023564368 0.999081790 -0.035780672 -1.572799444 -0.996402860 0.026385274 0.080530837 165.425704956
0.079866789 0.033044547 0.996257663 98.774551392 0.022288971 0.999141216 -0.034927029 -1.601987362 -0.996556342 0.024995066 0.079061665 165.503585815
0.079240955 0.032257937 0.996333480 99.738372803 0.020698760 0.999207497 -0.033997219 -1.641198158 -0.996640563 0.023316836 0.078510456 165.576721191
0.077568255 0.032236908 0.996465743 100.677009583 0.018807322 0.999251962 -0.033791069 -1.672027349 -0.996809602 0.021361964 0.076903947 165.664230347
0.076659322 0.031750731 0.996551752 101.610115051 0.017889882 0.999288142 -0.033214089 -1.703225613 -0.996896863 0.020374356 0.076036736 165.741668701
0.075589858 0.032512017 0.996608794 102.531417847 0.017674781 0.999267519 -0.033939328 -1.722449780 -0.996982276 0.020180311 0.074959852 165.837036133
0.076431207 0.033073530 0.996526182 103.450103760 0.018459303 0.999231577 -0.034579094 -1.764934540 -0.996903956 0.021038104 0.075761944 165.887435913
0.077884138 0.033901166 0.996385813 104.380249023 0.018035015 0.999210238 -0.035406999 -1.787696600 -0.996799231 0.020727482 0.077211209 165.961776733
0.079878308 0.034233812 0.996216595 105.290412903 0.016708340 0.999223709 -0.035676848 -1.824425459 -0.996664524 0.019494934 0.079244316 166.046417236
0.081485115 0.033572491 0.996108949 106.168632507 0.015484476 0.999269247 -0.034945689 -1.853383303 -0.996554196 0.018271780 0.080905728 166.116287231
0.083465166 0.032681789 0.995974600 107.058921814 0.013911425 0.999326408 -0.033957589 -1.879830599 -0.996413529 0.016689705 0.082954317 166.198806763
0.085835651 0.031548034 0.995809674 107.946495056 0.013538473 0.999369323 -0.032827780 -1.918696642 -0.996217310 0.016299538 0.085354403 166.280746460
0.088529974 0.030744627 0.995598912 108.807830811 0.012677755 0.999407768 -0.031989571 -1.953832507 -0.995992839 0.015453997 0.088087775 166.362014771
