0.999995291 -0.002372817 -0.001958602 -0.002809696 0.002369040 0.999995351 -0.001928859 0.008433649 0.001963170 0.001924211 0.999996245 1.045208812
0.999986768 -0.002854884 -0.004275093 -0.009955593 0.002864512 0.999993324 0.002247519 0.015188907 0.004268648 -0.002259735 0.999988258 2.104761362
0.999978662 -0.002497563 -0.006023782 -0.021233555 0.002548911 0.999960363 0.008531570 0.025149224 0.006002235 -0.008546742 0.999945402 3.174027920
0.999964952 -0.001196458 -0.008287906 -0.035170306 0.001296842 0.999925733 0.012117313 0.037327863 0.008272795 -0.012127638 0.999892175 4.237668991
0.999943733 -0.000036203 -0.010607569 -0.051284071 0.000158418 0.999933600 0.011520897 0.055898063 0.010606447 -0.011521931 0.999877393 5.303248882
0.999911904 0.000721894 -0.013253466 -0.070858292 -0.000605708 0.999961317 0.008768396 0.069700249 0.013259284 -0.008759595 0.999873698 6.368621349
0.999858797 0.002723753 -0.016580421 -0.097712502 -0.002621101 0.999977291 0.006209736 0.083578482 0.016596958 -0.006165399 0.999843299 7.434092522
0.999799311 0.002952378 -0.019812573 -0.123976842 -0.002848665 0.999982119 0.005260883 0.096771121 0.019827750 -0.005203387 0.999789894 8.513150215
0.999714911 0.005302597 -0.023286425 -0.155787483 -0.005162573 0.999968231 0.006069157 0.107476741 0.023317872 -0.005947210 0.999710381 9.585826874
0.999612689 0.006008050 -0.027174968 -0.201213777 -0.005823788 0.999959528 0.006854672 0.114928544 0.027215045 -0.006693756 0.999607205 10.670570374
0.999482632 0.007432471 -0.031293377 -0.250711471 -0.007236253 0.999953449 0.006378843 0.129037544 0.031339332 -0.006149096 0.999489903 11.739181519
0.999331534 0.008558161 -0.035540137 -0.297443390 -0.008367196 0.999949753 0.005518497 0.141803503 0.035585582 -0.005217437 0.999352992 12.817543983
0.999161661 0.010475933 -0.039574396 -0.355131745 -0.010242248 0.999928892 0.006103087 0.154689193 0.039635524 -0.005692639 0.999197960 13.904456139
0.998957038 0.010875125 -0.044344597 -0.405222863 -0.010564347 0.999918044 0.007236618 0.162451267 0.044419661 -0.006760599 0.998989999 15.017543793
0.998764813 0.012359488 -0.048126068 -0.476996690 -0.011967152 0.999892831 0.008431858 0.165826946 0.048225123 -0.007845511 0.998805642 16.057558060
0.998488665 0.012636212 -0.053484175 -0.532340705 -0.012219512 0.999892414 0.008110926 0.173177764 0.053580914 -0.007445119 0.998535693 17.146694183
0.998174965 0.013360527 -0.058891475 -0.595057249 -0.012955677 0.999889791 0.007251001 0.183465809 0.058981862 -0.006474789 0.998238027 18.261606216
0.997954190 0.013699427 -0.062447775 -0.671792448 -0.013277646 0.999886155 0.007164114 0.196908027 0.062538810 -0.006320299 0.998022497 19.332942963
0.997711182 0.015746150 -0.065760352 -0.753683329 -0.015214486 0.999847353 0.008577924 0.211005867 0.065885380 -0.007557783 0.997798502 20.436216354
0.997455537 0.016283035 -0.069405884 -0.829898834 -0.015620919 0.999827206 0.010071896 0.221068680 0.069557883 -0.008962085 0.997537673 21.540775299
0.997296154 0.017311547 -0.071418844 -0.924948215 -0.016526293 0.999796450 0.011571379 0.231761783 0.071604617 -0.010359804 0.997379243 22.603382111
0.997114897 0.016800784 -0.074023254 -1.004453301 -0.016012635 0.999808729 0.011227996 0.250976324 0.074197732 -0.010010295 0.997193336 23.700267792
0.996987283 0.017945798 -0.075460657 -1.107330084 -0.017089976 0.999782264 0.011971827 0.254504234 0.075659059 -0.010646138 0.997076929 24.773942947
0.996839046 0.017583702 -0.077476956 -1.208433390 -0.016749414 0.999794722 0.011404948 0.279960811 0.077661589 -0.010071205 0.996928930 25.869628906
0.996619403 0.017418504 -0.080289222 -1.289900064 -0.016600216 0.999803364 0.010848034 0.299440622 0.080462389 -0.009478543 0.996712565 26.954216003
0.996393144 0.018330287 -0.082853012 -1.383373141 -0.017602567 0.999799907 0.009505262 0.308901012 0.083010666 -0.008012555 0.996516466 28.045360565
0.996237814 0.017161364 -0.084945291 -1.477920651 -0.016477894 0.999826014 0.008740664 0.322081894 0.085080512 -0.007308061 0.996347249 29.135936737
0.996089399 0.019707115 -0.086124860 -1.588892460 -0.019077996 0.999785006 0.008121802 0.344041288 0.086266398 -0.006446951 0.996251285 30.224042892
0.995880425 0.019236747 -0.088612214 -1.681193709 -0.018416056 0.999779701 0.010069924 0.343351990 0.088786416 -0.008396551 0.996015310 31.304906845
0.995685399 0.021536443 -0.090259090 -1.781934619 -0.020560948 0.999719858 0.011723736 0.353650987 0.090486288 -0.009817341 0.995849311 32.403015137
0.995607615 0.020349408 -0.091386162 -1.888426304 -0.019173129 0.999721885 0.013731183 0.386975139 0.091640152 -0.011918711 0.995720863 33.488010406
0.995474279 0.021710444 -0.092518657 -1.995905161 -0.020620307 0.999706388 0.012722698 0.403900385 0.092767701 -0.010757354 0.995629668 34.578174591
0.995363832 0.022593757 -0.093490005 -2.109258652 -0.021984860 0.999729872 0.007537913 0.424689800 0.093635045 -0.005447600 0.995591700 35.655437469
0.995192647 0.023134548 -0.095164917 -2.217389107 -0.022804424 0.999729574 0.004555175 0.433719933 0.095244557 -0.002363096 0.995451033 36.742786407
0.995145261 0.022798363 -0.095739633 -2.323996067 -0.022509404 0.999738216 0.004097211 0.443943977 0.095807977 -0.001922278 0.995397925 37.850704193
0.995135546 0.021268522 -0.096192233 -2.438501120 -0.021106524 0.999773562 0.002701421 0.461740673 0.096227914 -0.000657996 0.995359063 38.960163116
0.995123267 0.015656145 -0.097388104 -2.529996872 -0.015501772 0.999877095 0.002341611 0.458108395 0.097412787 -0.000820503 0.995243728 40.051078796
0.995038688 0.012417407 -0.098711058 -2.635099649 -0.012240177 0.999922156 0.002400867 0.465547860 0.098733202 -0.001180715 0.995113254 41.169986725
0.994942009 0.009344557 -0.100015216 -2.739201546 -0.008906112 0.999948800 0.004829379 0.469851792 0.100055210 -0.003914206 0.994974196 42.280559540
0.994833648 0.010021250 -0.101022571 -2.852723598 -0.009393860 0.999933541 0.006684203 0.474933922 0.101082847 -0.005700679 0.994861722 43.382068634
0.994742334 0.009351930 -0.101980753 -2.960094929 -0.008775296 0.999942899 0.006101506 0.495070934 0.102031998 -0.005174516 0.994767666 44.517677307
0.994639158 0.009823512 -0.102939382 -3.083837271 -0.009265559 0.999939680 0.005896998 0.507846713 0.102991112 -0.004911594 0.994670153 45.646350861
0.994636714 0.011353754 -0.102806278 -3.209129810 -0.010756527 0.999921918 0.006361778 0.516078174 0.102870479 -0.005221820 0.994681060 46.775218964
0.994491577 0.011913131 -0.104137696 -3.315825462 -0.011411191 0.999920309 0.005414462 0.534644008 0.104193896 -0.004196303 0.994548142 47.907882690
0.994446754 0.010853792 -0.104679748 -3.450822830 -0.010375915 0.999933124 0.005108652 0.557473481 0.104728214 -0.003994135 0.994492888 49.082885742
0.994354367 0.009226399 -0.105708219 -3.575340271 -0.008880476 0.999953568 0.003742674 0.566103041 0.105737828 -0.002782805 0.994390130 50.244697571
0.994177103 0.008878234 -0.107391603 -3.701546907 -0.008739380 0.999960244 0.001763535 0.570696235 0.107403010 -0.000814730 0.994215190 51.408878326
0.994098008 0.008072629 -0.108185090 -3.838375568 -0.008007915 0.999967337 0.001032623 0.578601718 0.108189888 -0.000160191 0.994130254 52.590015411
0.993955791 0.009380428 -0.109379694 -3.966897488 -0.009349625 0.999955952 0.000794500 0.594398081 0.109382339 0.000232961 0.993999660 53.764347076
0.993836403 0.008398730 -0.110537767 -4.091242790 -0.007969665 0.999958932 0.004322869 0.594632268 0.110569529 -0.003415276 0.993862510 54.964843750
0.993736804 0.010225254 -0.111276910 -4.238012791 -0.009514197 0.999930799 0.006919129 0.609994352 0.111339957 -0.005817085 0.993765354 56.157936096
0.993652761 0.009299952 -0.112105563 -4.383221626 -0.008627374 0.999941707 0.006483154 0.630962551 0.112159334 -0.005474828 0.993675113 57.379779816
0.993551016 0.006258425 -0.113212228 -4.530262947 -0.005870195 0.999975741 0.003762268 0.648024499 0.113233022 -0.003073428 0.993563712 58.589027405
0.993373573 0.004579476 -0.114839986 -4.657303810 -0.004372834 0.999988317 0.002051249 0.659609139 0.114848055 -0.001535480 0.993381977 59.827713013
0.993226945 0.002838392 -0.116155662 -4.799766541 -0.002718440 0.999995530 0.001191091 0.669401526 0.116158530 -0.000867262 0.993230283 61.057468414
0.993150294 0.004960375 -0.116738006 -4.964732170 -0.004730904 0.999986231 0.002242703 0.681442559 0.116747536 -0.001675065 0.993160129 62.298706055
0.993446410 0.003392408 -0.114248671 -5.156147957 -0.003201336 0.999993145 0.001855858 0.729099393 0.114254184 -0.001477947 0.993450403 63.532844543
0.993446410 0.003392408 -0.114248671 -5.156147957 -0.003201336 0.999993145 0.001855858 0.729099393 0.114254184 -0.001477947 0.993450403 63.532844543
0.993446410 0.003392408 -0.114248671 -5.156147957 -0.003201336 0.999993145 0.001855858 0.729099393 0.114254184 -0.001477947 0.993450403 63.532844543
0.993446410 0.003392408 -0.114248671 -5.156147957 -0.003201336 0.999993145 0.001855858 0.729099393 0.114254184 -0.001477947 0.993450403 63.532844543
0.993446410 0.003392408 -0.114248671 -5.156147957 -0.003201336 0.999993145 0.001855858 0.729099393 0.114254184 -0.001477947 0.993450403 63.532844543
0.993446410 0.003392408 -0.114248671 -5.156147957 -0.003201336 0.999993145 0.001855858 0.729099393 0.114254184 -0.001477947 0.993450403 63.532844543
0.993446410 0.003392408 -0.114248671 -5.156147957 -0.003201336 0.999993145 0.001855858 0.729099393 0.114254184 -0.001477947 0.993450403 63.532844543
0.993446410 0.003392408 -0.114248671 -5.156147957 -0.003201336 0.999993145 0.001855858 0.729099393 0.114254184 -0.001477947 0.993450403 63.532844543
0.993446410 0.003392408 -0.114248671 -5.156147957 -0.003201336 0.999993145 0.001855858 0.729099393 0.114254184 -0.001477947 0.993450403 63.532844543
0.993446410 0.003392408 -0.114248671 -5.156147957 -0.003201336 0.999993145 0.001855858 0.729099393 0.114254184 -0.001477947 0.993450403 63.532844543
0.993446410 0.003392408 -0.114248671 -5.156147957 -0.003201336 0.999993145 0.001855858 0.729099393 0.114254184 -0.001477947 0.993450403 63.532844543
0.993446410 0.003392408 -0.114248671 -5.156147957 -0.003201336 0.999993145 0.001855858 0.729099393 0.114254184 -0.001477947 0.993450403 63.532844543
0.993446410 0.003392408 -0.114248671 -5.156147957 -0.003201336 0.999993145 0.001855858 0.729099393 0.114254184 -0.001477947 0.993450403 63.532844543
0.993446410 0.003392408 -0.114248671 -5.156147957 -0.003201336 0.999993145 0.001855858 0.729099393 0.114254184 -0.001477947 0.993450403 63.532844543
0.993446410 0.003392408 -0.114248671 -5.156147957 -0.003201336 0.999993145 0.001855858 0.729099393 0.114254184 -0.001477947 0.993450403 63.532844543
0.993446410 0.003392408 -0.114248671 -5.156147957 -0.003201336 0.999993145 0.001855858 0.729099393 0.114254184 -0.001477947 0.993450403 63.532844543
0.993446410 0.003392408 -0.114248671 -5.156147957 -0.003201336 0.999993145 0.001855858 0.729099393 0.114254184 -0.001477947 0.993450403 63.532844543
0.993446410 0.003392408 -0.114248671 -5.156147957 -0.003201336 0.999993145 0.001855858 0.729099393 0.114254184 -0.001477947 0.993450403 63.532844543
0.993446410 0.003392408 -0.114248671 -5.156147957 -0.003201336 0.999993145 0.001855858 0.729099393 0.114254184 -0.001477947 0.993450403 63.532844543
0.993446410 0.003392408 -0.114248671 -5.156147957 -0.003201336 0.999993145 0.001855858 0.729099393 0.114254184 -0.001477947 0.993450403 63.532844543
0.993446410 0.003392408 -0.114248671 -5.156147957 -0.003201336 0.999993145 0.001855858 0.729099393 0.114254184 -0.001477947 0.993450403 63.532844543
